id,대표발의자,공동발의자
0,윤영덕,"강민정,김승원,민형배,송갑석,위성곤,유정주,이병훈,이수진,이용선,이용우,이형석,주철현"
1,김예지,"김선교,김승수,김용판,윤미향,이용빈,이종성,이주환,임병헌,지성호"
2,윤영덕,"강민정,김승원,민형배,송갑석,위성곤,유정주,이동주,이병훈,이수진,이용선,이용우,주철현"
3,이종성,"김승수,김예지,김형동,박대수,윤영석,이명수,정우택,정운천,조명희"
4,윤영덕,"김승원,민형배,송갑석,위성곤,유정주,이동주,이병훈,이수진,이용선,이용우,이형석,주철현"
5,이종배,"김예지,박성민,서병수,성일종,이종성,정우택,조명희,최형두,홍문표"
6,신현영,"강민정,김병기,김병욱,김승원,김정호,서삼석,송옥주,오영환,유정주,윤영덕,윤재갑,이용빈,이용우,임호선,정필모,주철현,홍기원,홍정민"
7,김기현,"강대식,박성민,백종헌,양금희,유상범,윤창현,조명희,지성호,하영제"
8,김기현,"강대식,박성민,백종헌,양금희,유상범,윤창현,조명희,지성호,하영제"
9,김기현,"권명호,김석기,김정재,박덕흠,윤두현,윤창현,윤한홍,이채익,정진석,조수진,지성호"
10,신현영,"강민정,강병원,고민정,김병기,오영환,유정주,최기상,최종윤,허종식"
11,김병기,"기동민,김진표,김홍걸,안규백,전용기,정일영,한준호,홍기원,홍영표"
12,이개호,"김병기,김주영,서삼석,신정훈,오영환,위성곤,윤재갑,이병훈,최기상"
13,이개호,"김병기,김주영,박완주,서삼석,신정훈,오영환,위성곤,윤재갑,이병훈,최기상"
14,정우택,"구자근,김승수,김예지,백종헌,이종성,조경태,지성호,태영호,하영제"
15,구자근,"강민국,김도읍,김예지,배준영,양금희,이용호,임이자,정우택,추경호"
16,정우택,"구자근,김승수,김예지,백종헌,이종성,조경태,지성호,태영호,하영제"
17,이용,"강대식,강민국,김석기,김정재,박성민,박성중,배준영,서정숙,이채익"
18,김병기,"기동민,김경협,김병욱,김영배,김진표,신현영,안규백,전용기,정일영,한준호,홍영표"
19,김병기,"기동민,김경협,김병욱,김진표,신현영,이개호,전용기,정일영,한준호,홍영표"
20,이용,"강대식,강민국,김병욱,김석기,김정재,박성민,박성중,배준영,백종헌,서정숙,이채익"
21,김병기,"기동민,김병욱,김진표,안규백,이개호,전용기,정일영,한준호,홍기원,홍영표"
22,지성호,"김상훈,김예지,박대수,서일준,성일종,양금희,윤한홍,이주환,정우택,허은아"
23,김예지,"강훈식,구자근,권명호,김선교,류호정,이종배,이채익,장혜영,최혜영,태영호"
24,김예지,"강훈식,구자근,권명호,김선교,류호정,이채익,장혜영,최혜영,태영호"
25,정우택,"권명호,김예지,송석준,유경준,이종배,정운천,조경태,지성호,한무경"
26,이채익,"김석기,김승수,김예지,성일종,윤상현,윤영석,이상헌,이종배,정운천"
27,이채익,"김석기,김승수,김예지,서정숙,성일종,윤상현,윤영석,이상헌,정운천"
28,이채익,"김석기,김승수,김예지,성일종,윤상현,윤영석,이상헌,정운천,최형두"
29,이채익,"김석기,김승수,김예지,성일종,윤상현,윤영석,이상헌,이종배,정운천"
30,이수진,"강민정,권인숙,김상희,김원이,김윤덕,김철민,민형배,서동용,신정훈,안호영,어기구,윤준병,이수진,이용선,이탄희,전용기,정필모,진성준,한준호"
31,양정숙,"김성주,김수흥,김승남,안호영,위성곤,윤준병,이상헌,이용빈,최연숙,한병도"
32,하영제,"김기현,김상훈,김선교,김용판,김형동,윤재갑,윤한홍,임이자,하태경"
33,이용우,"강민정,김민철,오기형,윤영덕,이병훈,이소영,이정문,정필모,홍정민"
34,양금희,"구자근,김선교,박성중,박진,배준영,서일준,성일종,윤창현,이주환,지성호"
35,성일종,"권성동,백종헌,양금희,이명수,이종배,이채익,정운천,최춘식,최형두"
36,유상범,"김병욱,김선교,김희곤,박대수,박형수,서일준,안병길,양금희,윤두현,이종성,전봉민,조은희,한무경,홍석준"
37,하영제,"김기현,김선교,김승수,박대출,박덕흠,박성민,송석준,정우택,하태경"
38,김윤덕,"강선우,강훈식,김성주,박상혁,안호영,윤후덕,이용빈,이학영,최기상"
39,조경태,"김용판,박성민,배현진,백종헌,서정숙,정경희,정동만,조명희,하영제"
40,한무경,"김상훈,김승수,김영식,박진,엄태영,이헌승,정우택,정운천,조명희"
41,안병길,"권명호,김선교,김태호,김학용,박대수,백종헌,서병수,이종성,전봉민,최춘식"
42,안병길,"권명호,김선교,김태호,김학용,박대수,백종헌,서병수,이종성,전봉민,최춘식"
43,양경숙,"김교흥,김두관,김주영,위성곤,이동주,이병훈,이수진,정성호,황운하"
44,양정숙,"고영인,김승남,서영교,심상정,안호영,윤준병,이상헌,이은주,황운하"
45,박홍근,"강민정,문정복,민홍철,신동근,신정훈,이병훈,이탄희,전재수,전혜숙,최기상,한준호"
46,안병길,"권명호,김선교,김태호,김학용,박대수,백종헌,서병수,이종성,전봉민,최춘식"
47,안병길,"권명호,김상훈,김선교,김태호,김학용,박대수,백종헌,서병수,이종성,전봉민,최춘식"
48,정우택,"김예지,백종헌,서병수,윤영석,이종성,이채익,조해진,지성호,태영호"
49,정일영,"김남국,김두관,김민철,김영주,김주영,김진표,김회재,박성준,양경숙,유정주,윤영덕,윤재갑,이수진,이용빈,이탄희,장철민,주철현,최기상,최종윤"
50,정일영,"김두관,김민철,김병기,김영주,김주영,김진표,김회재,박성준,양경숙,유정주,윤영덕,윤재갑,이수진,이용빈,이탄희,장철민,주철현,최기상,최종윤"
51,서병수,"김승수,김태호,김형동,박성민,백종헌,서일준,안병길,이종배,이주환,이헌승,전봉민,정우택"
52,서병수,"김승수,김태호,김형동,박성민,백종헌,서일준,안병길,이종배,이주환,이헌승,전봉민,정우택"
53,김주영,"김경협,김영진,김진표,박상혁,송갑석,오영환,윤재갑,윤후덕,이개호,이병훈,조정식,주철현"
54,김주영,"김경협,김영진,김진표,박상혁,송갑석,오영환,윤재갑,윤후덕,이개호,이병훈,조정식,주철현"
55,김주영,"김경협,김영진,김진표,박상혁,송갑석,오영환,윤재갑,윤후덕,이개호,이병훈,조정식,주철현"
56,김주영,"김경협,김영진,김진표,박상혁,송갑석,오영환,윤재갑,윤후덕,이개호,이병훈,조정식,주철현"
57,김주영,"김경협,김영진,김진표,박상혁,송갑석,오영환,윤재갑,윤후덕,이개호,이병훈,조정식,주철현"
58,이종성,"권명호,김예지,김용판,김태호,김형동,박대수,정우택,정운천,최춘식"
59,김영진,"김병욱,김성주,김성환,김주영,박정,박찬대,서동용,송기헌,양기대,위성곤,윤준병,이병훈,정일영,천준호"
60,신현영,"고민정,김병기,김병욱,김정호,오영환,유정주,전혜숙,최종윤,허종식"
61,하영제,"김기현,김선교,김승수,김용판,박대출,박덕흠,서정숙,송석준,윤재갑,정우택,하태경"
62,김민석,"강득구,강훈식,고민정,김경만,김병주,김상희,김영배,박홍근,송재호,유정주,윤영덕,윤재갑,이병훈,이수진,이원욱,이형석,정태호,정필모,진성준,최강욱,최종윤,최혜영,허영"
63,김영진,"김병욱,김성주,김성환,김주영,박정,박찬대,서동용,송기헌,양기대,위성곤,윤준병,이병훈,정일영,천준호"
64,김영진,"김병욱,김성주,김성환,김주영,박정,박찬대,서동용,송기헌,양기대,위성곤,윤준병,이병훈,정일영,천준호"
65,조오섭,"김승남,문진석,송갑석,우원식,윤영덕,이동주,임종성,주철현,허영"
66,김병기,"김병욱,김정호,김진표,오영환,이개호,전용기,정일영,최기상,최인호,홍성국"
67,김성환,"강훈식,김경만,김병욱,김성주,김정호,박정,서동용,송갑석,송기헌,송옥주,신영대,신정훈,양기대,양이원영,위성곤,유동수,윤준병,이동주,이병훈,이성만,이소영,이수진,이학영,정태호,홍정민,황운하"
68,윤준병,"김성주,김성환,민형배,변재일,안민석,오영환,용혜인,이수진,한병도,한준호"
69,김병기,"김병욱,김진표,박성준,소병철,오영환,이개호,전용기,정일영,진성준,최인호,한준호"
70,김회재,"김민철,김의겸,문정복,서동용,양경숙,양향자,윤건영,정일영,조오섭"
71,김영진,"김병욱,김성주,김성환,김주영,박정,박찬대,서동용,송기헌,양기대,위성곤,윤준병,이병훈,정일영,천준호"
72,윤재갑,"김승남,문진석,서삼석,설훈,신정훈,위성곤,윤준병,이개호,이정문,이학영,홍문표"
73,김회재,"김민철,민형배,서동용,양경숙,양정숙,양향자,윤건영,이상민,이형석,정일영,조오섭,최종윤"
74,이주환,"권명호,김기현,김용판,박대수,안병길,양금희,이헌승,지성호,홍문표"
75,김용판,"강대식,권명호,김학용,서일준,유경준,이종성,이주환,이채익,임병헌,최춘식,하영제"
76,김용판,"강대식,권명호,박대수,서일준,유경준,이종성,이주환,임병헌,최춘식,하영제"
77,김용판,"강대식,권명호,김상훈,김학용,박대수,서일준,유경준,이종성,이주환,임병헌,최춘식,하영제"
78,하태경,"강대식,백종헌,서병수,신원식,안규백,이주환,조해진,한기호,황보승희"
79,이주환,"권명호,김예지,김용판,박대수,안병길,양금희,윤창현,이명수,이헌승,지성호"
80,김상훈,"강대식,김선교,박대출,배준영,송석준,송언석,정우택,지성호,태영호,하영제"
81,김상훈,"강대식,김선교,박대출,배준영,송석준,송언석,정우택,지성호,태영호,하영제"
82,김상훈,"강대식,김선교,박대출,배준영,송석준,송언석,정우택,지성호,태영호,하영제"
83,홍석준,"김성원,김용판,김태호,서일준,송언석,윤창현,이양수,정우택,지성호"
84,김상훈,"강대식,김선교,박대출,배준영,송석준,송언석,유경준,정우택,지성호,태영호,하영제"
85,강대식,"김상훈,박대수,배준영,백종헌,송언석,신원식,유경준,이용,조수진,하태경,황보승희"
86,김상훈,"강대식,김선교,박대출,배준영,송석준,송언석,정우택,지성호,태영호,하영제"
87,정우택,"강기윤,구자근,백종헌,윤영석,조경태,지성호,태영호,하영제,황보승희"
88,이탄희,"강득구,강민정,권인숙,김교흥,김민기,김민철,김영호,김진표,김철민,도종환,류호정,민병덕,서동용,용혜인,윤미향,이용빈,이용우,이형석,임종성,임호선,전용기,주철현,천준호,최기상"
89,강대식,"김상훈,박대수,배준영,백종헌,신원식,유경준,이용,조수진,황보승희"
90,권성동,"권은희,김병욱,김승수,김희곤,박대수,박성민,박형수,서범수,서병수,서일준,성일종,송언석,신원식,안병길,양금희,유경준,윤두현,윤창현,이종성,전봉민,정동만,정우택,조은희,지성호,한무경,허은아,홍석준"
91,김수흥,"김경만,김성주,송재호,안규백,안호영,양정숙,윤준병,정성호,한병도"
92,김수흥,"김경만,김성주,송재호,안규백,안호영,양정숙,윤준병,최기상,한병도"
93,김수흥,"김경만,김성주,송재호,안호영,양정숙,우원식,윤준병,최기상,한병도"
94,이용빈,"강득구,김윤덕,김홍걸,박찬대,서영교,송갑석,양이원영,양정숙,이원욱,이형석,정필모,최기상,한병도,한준호"
95,김상희,"김두관,김철민,민병덕,윤준병,정태호,정필모,최기상,최혜영,한정애"
96,이종배,"김성원,김승수,김형동,박덕흠,성일종,정우택,추경호,홍문표,홍석준"
97,이종성,"구자근,김용판,박대수,서일준,성일종,이명수,정우택,정운천,조명희"
98,이주환,"권명호,김기현,김예지,김용판,박대수,안병길,양금희,이헌승,지성호"
99,이해식,"김성환,김영배,김영호,박재호,서영교,우원식,이형석,임호선,전혜숙,천준호,한병도,한정애"
100,김병욱,"고용진,김상희,신영대,이정문,정성호,정필모,최기상,최인호,홍정민"
101,배준영,"구자근,김상훈,백종헌,안병길,이용,전주혜,정우택,최춘식,허종식"
102,이주환,"권명호,김기현,김예지,김용판,박대수,안병길,양금희,이헌승,지성호,홍문표"
103,강득구,"강민정,김민석,김민철,김철민,양경숙,양이원영,양정숙,윤영덕,이용빈,이용선,이원욱"
104,정우택,"권명호,김영식,김예지,박성민,유경준,이종배,이종성,이주환,조경태"
105,강득구,"권은희,김민철,김철민,송갑석,양경숙,양이원영,양정숙,이용빈,정태호"
106,유상범,"권은희,김기현,김미애,김병욱,김상훈,김석기,김승수,김영식,김예지,김태호,김학용,김형동,류성걸,박대수,서병수,서일준,서정숙,성일종,송언석,신원식,유경준,유의동,윤두현,이용호,이태규,전주혜,정경희,정점식,정진석,정희용,조경태,조수진,조태용,최연숙,최형두,태영호,하영제"
107,강득구,"김민석,김민철,김철민,양경숙,양이원영,양정숙,윤미향,윤영덕,이용빈,이용선,이원욱"
108,유상범,"권성동,권은희,김기현,김미애,김병욱,김상훈,김석기,김승수,김영식,김예지,김학용,김형동,류성걸,박대수,서병수,서정숙,송언석,유경준,유의동,윤두현,이용호,이태규,전주혜,정경희,정점식,정진석,정희용,조경태,조태용,최연숙,최형두,태영호,하영제"
109,유경준,"강대식,김병욱,서정숙,유상범,이명수,이채익,정우택,조명희,태영호"
110,윤재갑,"김민철,소병철,신정훈,위성곤,이개호,전용기,주철현,최기상,홍문표"
111,김민석,"강득구,고민정,고영인,박주민,신정훈,오영환,이원욱,최혜영,홍정민"
112,구자근,"권명호,김석기,김선교,김예지,배준영,안병길,이종성,임이자,정동만"
113,정청래,"고민정,김두관,김영배,박성준,안규백,유정주,윤영덕,임오경,전용기"
114,임병헌,"강기윤,김상훈,김석기,김성원,김승수,김예지,김용판,박대수,조명희,최연숙"
115,강대식,"김병욱,김선교,류성걸,박대수,배준영,백종헌,서정숙,송언석,신원식,유경준,주호영"
116,하태경,"김경협,김병기,백종헌,송석준,신원식,양정숙,엄태영,윤창현,이병훈,주호영"
117,강병원,"김민철,김승원,김영배,김영주,김의겸,남인순,박재호,배진교,변재일,신동근,윤영덕,윤재갑,이용빈,이원욱,이해식,이형석,정태호,정필모,주철현,최강욱,최인호,최종윤,홍성국,홍영표"
118,유정주,"권인숙,김민석,김민철,신동근,오영환,용혜인,이병훈,이상헌,임오경,장경태"
119,이종성,"구자근,김예지,김형동,박대수,박형수,성일종,정우택,정운천,조명희,최연숙"
120,이수진,"강민정,송옥주,안호영,양경숙,양이원영,양정숙,윤미향,이탄희,임종성,최강욱"
121,안병길,"구자근,권명호,김태호,김형동,박대수,백종헌,서병수,유의동,이종성"
122,안병길,"구자근,권명호,김태호,김형동,박대수,백종헌,서병수,유의동,이종성"
123,김상훈,"강민국,박성민,송언석,이명수,이헌승,지성호,최연숙,최춘식,홍석준"
124,김상훈,"강민국,박성민,송언석,이명수,이헌승,지성호,최연숙,최춘식,홍석준"
125,김상훈,"강민국,박성민,송언석,이명수,이헌승,지성호,최연숙,최춘식,태영호,홍석준"
126,김용판,"권명호,박대수,안병길,엄태영,유경준,이종성,이주환,조명희,최춘식"
127,유경준,"김병욱,김상훈,김용판,서정숙,이명수,이채익,정우택,조명희,태영호"
128,오기형,"김민철,김진표,송재호,이용선,이용우,임호선,정태호,홍성국,홍정민"
129,강병원,"강민정,김민철,설훈,신동근,오기형,우상호,이해식,진성준,최강욱"
130,박대수,"강기윤,김선교,김용판,김희곤,안병길,양금희,이종성,이주환,임이자,조명희,지성호"
131,박대수,"강기윤,김선교,김용판,김희곤,안병길,양금희,이종성,이주환,임이자,조명희,지성호"
132,이종성,"구자근,김상훈,김예지,김형동,박대수,박형수,정우택,정운천,조명희"
133,진성준,"강병원,김경만,박상혁,박영순,우원식,이동주,이용우,이학영,장경태,홍기원"
134,강병원,"강민정,김민철,설훈,신동근,오기형,우상호,이해식,진성준,최강욱"
135,김회재,"강득구,김민철,남인순,문정복,양정숙,양향자,이상민,이성만,홍성국"
136,전주혜,"강민국,김미애,김승수,배준영,서일준,서정숙,윤창현,이종성,정우택"
137,윤재옥,"강민국,구자근,김승수,김희곤,양금희,유의동,이양수,이종배,홍석준"
138,윤재옥,"강민국,구자근,김승수,김희곤,양금희,유의동,이양수,이종배,홍석준"
139,윤재옥,"강민국,구자근,김승수,김희곤,양금희,유의동,이양수,이종배,홍석준"
140,윤재옥,"강민국,구자근,김승수,김희곤,양금희,유의동,이양수,이종배,홍석준"
141,이성만,"강훈식,김상희,김정호,김한정,안규백,양이원영,윤건영,윤재갑,이수진,정일영"
142,윤재옥,"강민국,구자근,김승수,김희곤,양금희,유의동,이양수,이종배,홍석준"
143,윤재옥,"강민국,구자근,김승수,김희곤,양금희,유의동,이양수,이종배,홍석준"
144,윤재옥,"강민국,구자근,김승수,김희곤,양금희,유의동,이양수,이종배,홍석준"
145,김원이,"강기윤,강병원,강선우,고민정,고영인,기동민,남인순,박상혁,서삼석,서영석,인재근,전봉민,조오섭,최혜영,허영"
146,이병훈,"김영배,박성준,오영환,유정주,윤재갑,이상헌,이용우,전용기,전혜숙"
147,이병훈,"김병욱,김영배,박성준,오영환,유정주,윤재갑,이상헌,이용우,전혜숙"
148,김병욱,"김교흥,김병기,김정호,서영석,오영환,유동수,이병훈,이용빈,이용선,정성호,정일영"
149,김병욱,"김교흥,김병기,서영석,오영환,유동수,이병훈,이용빈,이용선,정성호,정일영"
150,안호영,"김정호,박상혁,송갑석,송옥주,양정숙,윤미향,임종성,장철민,전용기"
151,윤한홍,"권성동,김성원,김영식,윤창현,조수진,지성호,최형두,하영제,한무경"
152,김병욱,"강대식,구자근,김석기,김영식,김형동,양정숙,유의동,이명수,이종배,정우택,태영호"
153,홍석준,"김선교,김성원,김용판,김형동,류성걸,윤창현,조경태,지성호,추경호"
154,홍석준,"김선교,김성원,김용판,김형동,류성걸,윤창현,조경태,지성호,추경호"
155,홍석준,"김선교,김성원,김용판,김태호,김형동,류성걸,윤창현,이종배,조경태,지성호,추경호"
156,정점식,"김상훈,김정재,김태호,박덕흠,안병길,이채익,임이자,조수진,홍문표"
157,이은주,"강민정,강은미,기동민,류호정,배진교,심상정,양정숙,장혜영,최혜영"
158,유경준,"김병욱,김용판,서병수,서정숙,이명수,이채익,정우택,조명희,태영호"
159,이은주,"강민정,강은미,기동민,류호정,배진교,심상정,양정숙,장혜영,최혜영"
160,정점식,"김상훈,김정재,김태호,박덕흠,안병길,이채익,임이자,조수진,홍문표"
161,이채익,"김석기,김용판,김형동,송석준,양금희,엄태영,윤영석,이종배,정운천,조수진"
162,김민석,"강병원,고민정,권칠승,박성준,송재호,용혜인,이용빈,임호선,홍정민"
163,김민석,"강병원,강준현,고민정,권칠승,박성준,이용빈,임호선,최혜영,홍정민"
164,최혜영,"강준현,김성주,김원이,서영석,오영환,이탄희,인재근,임호선,최기상,홍성국"
165,최혜영,"강준현,김성주,김원이,서영석,오영환,이탄희,인재근,임호선,최기상,홍성국"
166,최혜영,"강준현,김상희,김성주,김원이,서영석,오영환,이탄희,인재근,임호선,최기상,홍성국"
167,정경희,"김영식,김정재,박덕흠,서일준,윤창현,이종성,조경태,조명희,지성호"
168,서병수,"김상훈,김승수,배준영,안병길,이종배,이헌승,임병헌,조해진,최연숙"
169,김회재,"김민철,김진표,문정복,박영순,양정숙,양향자,윤관석,이형석,정일영,정태호"
170,전용기,"노웅래,박성준,신정훈,유정주,윤재갑,이원욱,장경태,주철현,최혜영,한병도"
171,유상범,"김기현,김미애,김형동,박형수,서병수,윤한홍,이채익,장제원,전주혜,정점식,정진석,조수진,주호영"
172,김주영,"김민철,김영배,김정호,양경숙,오영환,이개호,이병훈,이원욱,장철민,최기상"
173,김회재,"강민정,김민철,남인순,민형배,서동용,송옥주,양경숙,양정숙,양향자,정일영,조오섭,조정훈"
174,김정재,"김상훈,김석기,김성원,김영식,김형동,서일준,이주환,정우택,정점식"
175,장경태,"김성환,류호정,민형배,이용빈,이원택,장철민,장혜영,진성준,최기상,한병도"
176,위성곤,"김승남,양정숙,윤영덕,윤재갑,이개호,이원택,주철현,최기상,최인호"
177,한병도,"김민철,김성주,김승원,송갑석,오영환,이상헌,이용빈,장경태,정태호"
178,조경태,"김용판,박성민,백종헌,이명수,정동만,조명희,최춘식,태영호,하영제"
179,김정재,"김병욱,김석기,김성원,김영식,김형동,서일준,이주환,정우택,한무경"
180,기동민,"김민기,김병기,김원이,맹성규,민홍철,임호선,조응천,최기상,한준호"
181,배진교,"강은미,김두관,류호정,심상정,양정숙,용혜인,이은주,장혜영,허종식"
182,최춘식,"김용판,박대수,박덕흠,박성민,배준영,서정숙,성일종,안병길,정운천"
183,이용빈,"강득구,김윤덕,김홍걸,박찬대,서영교,송갑석,양이원영,양정숙,이원욱,이형석,장경태,정필모,최기상,한병도,한준호,홍정민"
184,정점식,"김용판,김태호,유경준,유의동,윤재갑,정운천,조수진,하영제,홍문표"
185,이상헌,"김두관,김성환,김종민,김진표,류호정,박완주,이수진,전용기,조응천,홍영표"
186,이상헌,"김두관,김성환,김진표,박정,서영교,안민석,양이원영,이병훈,이상민,이수진,전용기,한준호,홍영표"
187,이상헌,"김두관,김성환,김용민,김진표,박성민,서삼석,이수진,전용기,조응천,홍영표"
188,박수영,"강대식,김영식,김예지,백종헌,서정숙,이명수,이주환,정동만,황보승희"
189,전주혜,"김성원,김승수,박성민,서병수,서정숙,성일종,윤창현,이채익,정우택,하태경"
190,권성동,"김병욱,김예지,김학용,박형수,성일종,이종성,이주환,정운천,하태경,허은아"
191,한병도,"고용진,김승원,송갑석,양정숙,어기구,오영환,이용빈,장철민,정태호"
192,김민철,"김경만,김철민,설훈,송옥주,신동근,신정훈,오영환,최종윤,한병도"
193,김민철,"김경만,김철민,설훈,송옥주,신동근,신정훈,오영환,최종윤,한병도"
194,신현영,"강민정,고민정,고영인,노웅래,오영환,유정주,조오섭,최기상,최종윤,허종식"
195,신현영,"강민정,고민정,고영인,노웅래,오영환,유정주,이수진,조오섭,최종윤,허종식"
196,김교흥,"강선우,김수흥,김태년,문진석,안규백,우원식,이상헌,이성만,정일영,허종식"
197,이용빈,"강득구,김민철,김성환,김영주,김영호,김윤덕,박찬대,서영석,송갑석,신동근,양정숙,유정주,윤영덕,윤영찬,이정문,이해식,이형석,장경태,한병도"
198,김병기,"김병욱,박성준,오영환,이정문,진성준,최기상,최인호,한준호,홍성국"
199,박수영,"강대식,김영식,김예지,백종헌,서병수,이명수,이주환,정동만,황보승희"
200,김정재,"김석기,김성원,김영식,김형동,서일준,이주환,정우택,정점식,한무경"
201,양경숙,"김교흥,김두관,김주영,맹성규,위성곤,이동주,이병훈,이수진,임호선,정성호,정일영,최기상,황운하"
202,박대출,"김상훈,김선교,김성원,김웅,박덕흠,박성중,이명수,이영,조명희,하영제"
203,박대출,"김상훈,김선교,김성원,박덕흠,박성중,이명수,이영,조명희,하영제"
204,김병기,"김영주,박성준,오영환,이용선,이정문,진성준,최인호,한준호,홍성국,홍영표"
205,이병훈,"김승남,김주영,김철민,노웅래,박광온,박성준,박정,어기구,오영환,윤영덕,윤영석,이상헌,이채익,임오경,홍성국,홍익표"
206,이병훈,"김승남,김주영,김철민,노웅래,박광온,박성준,박정,어기구,오영환,윤영덕,윤영석,이상헌,이채익,임오경,홍성국,홍익표"
207,이병훈,"김승남,김정호,김주영,김철민,노웅래,박광온,박성준,박정,어기구,오영환,윤영덕,윤영석,이상헌,이채익,임오경,홍성국,홍익표"
208,이병훈,"김승남,김용판,김주영,김철민,노웅래,박광온,박성준,박정,성일종,어기구,오영환,윤상현,윤영덕,윤영석,이상헌,이채익,임오경,홍성국,홍익표"
209,이병훈,"김승남,김정호,김주영,김철민,노웅래,박광온,박성준,박정,어기구,오영환,윤영덕,윤영석,이상헌,이채익,임오경,홍성국,홍익표"
210,이병훈,"김철민,노웅래,설훈,송갑석,어기구,오영환,이용우,전혜숙,조오섭"
211,임이자,"권명호,김성원,김승수,김영식,김형동,박대수,정점식,주호영,하영제,한무경"
212,임이자,"권명호,김성원,김승수,김영식,김형동,박대수,정점식,주호영,하영제,한무경"
213,이채익,"김승수,김예지,엄태영,유경준,이용,이종배,정동만,최형두,홍문표"
214,이채익,"김승수,김예지,엄태영,유경준,이용,이종배,정동만,최형두,홍문표"
215,이채익,"김승수,김예지,엄태영,유경준,이용,이종배,정동만,최형두,홍문표"
216,이채익,"김승수,김예지,엄태영,유경준,이용,이종배,정동만,최형두,홍문표"
217,노웅래,"고영인,김정호,서삼석,신정훈,양정숙,윤준병,이수진,이해식,전용기"
218,유기홍,"김두관,김철민,남인순,송재호,양정숙,오영환,이학영,이형석,최기상"
219,유기홍,"김두관,김철민,김홍걸,남인순,송재호,양정숙,오영환,이학영,이형석,최기상"
220,오영환,"김민철,김병기,김주영,김홍걸,문정복,박성준,서영교,송갑석,윤준병,이용우"
221,이성만,"강훈식,김병욱,남인순,맹성규,송재호,신정훈,양이원영,윤관석,이수진,이수진"
222,정우택,"김예지,김정재,박성중,배준영,송석준,양금희,유경준,이종성,조경태,지성호"
223,안병길,"강민국,권명호,김선교,김태호,김학용,김형동,김희곤,박대수,배준영,서병수,성일종,유의동,이양수,이종성,이주환,전봉민,정점식,최춘식"
224,김예지,"고용진,구자근,김상훈,김선교,류호정,양향자,윤창현,조해진,최연숙,최혜영,태영호"
225,정태호,"강선우,김상희,송갑석,신정훈,이수진,최기상,한병도,홍성국,홍익표,황운하"
226,김예지,"구자근,김선교,김승수,김용판,이달곤,이종성,이주환,이채익,추경호"
227,정태호,"강선우,김경만,김교흥,김상희,송갑석,신정훈,이수진,최기상,한병도,홍성국,홍익표,황운하"
228,김철민,"김민철,김영배,김윤덕,민형배,박정,백혜련,송옥주,안민석,유동수,윤후덕,이병훈,이용빈,이원욱,이정문,이해식"
229,정태호,"강선우,김교흥,김상희,송갑석,신정훈,이수진,최기상,한병도,홍성국,홍익표,황운하"
230,권명호,"김도읍,김용판,김정재,김희국,송언석,안병길,이주환,정우택,황보승희"
231,민형배,"강민정,김용민,문정복,박상혁,박성준,송갑석,송재호,윤준병,이정문,장경태,정필모,황운하"
232,박수영,"강대식,김기현,김영식,김용판,서병수,이주환,이채익,정동만,황보승희"
233,임종성,"강선우,김경만,김병주,노웅래,민병덕,서영석,송옥주,신현영,어기구,용혜인,우원식,유정주,이수진,임호선,최기상"
234,박수영,"강대식,김기현,김영식,백종헌,이명수,이종배,정동만,조해진,황보승희"
235,서영교,"고영인,김민철,김병욱,신정훈,오영환,유정주,이용빈,이해식,임오경,최인호"
236,민형배,"강민정,김병욱,김용민,김의겸,문정복,박상혁,박성준,소병훈,양이원영,윤영덕,정필모,홍정민,황운하"
237,민형배,"강민정,김용민,박상혁,박성준,송갑석,송재호,윤준병,이용우,이정문,장경태,정필모,최기상,황운하"
238,민형배,"강민정,김용민,박상혁,박성준,송갑석,송재호,윤영덕,윤준병,이정문,장경태,정필모,황운하"
239,민형배,"강득구,강민정,김용민,박상혁,박성준,송갑석,송재호,윤미향,윤준병,이정문,장경태,정필모,황운하"
240,강선우,"강병원,김경만,김성환,변재일,신정훈,안규백,정태호,진성준,홍성국"
241,서영교,"고영인,김민철,김병욱,신정훈,오영환,유정주,이용빈,이해식,임오경,최인호"
242,최연숙,"권은희,김두관,김병욱,김정재,김학용,백종헌,양정숙,임병헌,조경태"
243,신영대,"권칠승,김영진,서삼석,유정주,윤미향,이동주,이탄희,이학영,장경태"
244,정우택,"권명호,김정재,박성민,박성중,송석준,유경준,윤창현,이종배,조경태,조수진,최재형,태영호,황보승희"
245,전봉민,"강기윤,김도읍,김희곤,백종헌,안병길,이종성,이주환,정동만,조경태,황보승희"
246,최연숙,"권은희,김두관,김병욱,김상훈,김정재,백종헌,서병수,양정숙,이용호"
247,이상헌,"김종민,김태년,송기헌,신동근,양정숙,유정주,이성만,임오경,전용기"
248,전봉민,"강기윤,김도읍,김희곤,백종헌,안병길,이종성,정동만,조경태,황보승희"
249,홍익표,"강선우,김상희,김종민,이병훈,이학영,임종성,전용기,전혜숙,정태호,홍성국"
250,서정숙,"구자근,김미애,김승수,박수영,이종배,전주혜,조은희,조태용,최춘식,황보승희"
251,윤영덕,"강민정,김민철,민형배,박찬대,송갑석,위성곤,이동주,이병훈,이용빈,조오섭"
252,김민석,"강득구,고영인,김영호,박성준,오영환,우원식,윤재갑,최강욱,최혜영"
253,이성만,"고용진,김경만,김두관,김민철,박정,서영교,송갑석,송영길,유동수,윤준병,이동주,정일영,최기상,허종식"
254,윤영덕,"강득구,강민정,민형배,박찬대,송갑석,위성곤,이동주,이병훈,이용빈"
255,윤영덕,"강민정,민형배,박찬대,송갑석,위성곤,이동주,이병훈,이용빈,조오섭"
256,김의겸,"강민정,김승원,김정호,김진표,노웅래,윤영덕,이수진,이용우,최강욱"
257,윤미향,"강민정,권인숙,남인순,송갑석,양정숙,이수진,이용빈,장혜영,진성준,최혜영"
258,위성곤,"김승남,김정호,서삼석,어기구,윤재갑,이개호,이원택,주철현,최인호"
259,이해식,"김정호,노웅래,박상혁,서영교,서영석,송재호,양이원영,오영환,우원식,윤준병"
260,이해식,"김정호,노웅래,박상혁,서영석,송재호,양이원영,오영환,우원식,윤준병"
261,이동주,"김경만,민병덕,서영교,송갑석,양경숙,윤영덕,이성만,이용우,조오섭,최기상"
262,이광재,"김상희,김영배,김영주,문진석,오영환,이용빈,이용선,이재정,태영호,하태경"
263,위성곤,"김민철,김승남,김정호,서삼석,윤재갑,이개호,이원택,주철현,최인호"
264,강민정,"김두관,류호정,민형배,박영순,박찬대,양정숙,윤건영,윤미향,윤영덕,이수진,이탄희"
265,최인호,"김병기,노웅래,박상혁,서동용,서영교,위성곤,이원택,이학영,한준호"
266,최인호,"김병기,노웅래,박상혁,서동용,서영교,위성곤,이원택,이학영,한준호"
267,김병욱,"김남국,김한정,박홍근,신영대,안규백,양정숙,이성만,이정문,최종윤"
268,김병욱,"김남국,김한정,박홍근,신영대,안규백,양정숙,이성만,이정문,최종윤"
269,김병욱,"김남국,김한정,박홍근,신영대,안규백,양정숙,이성만,이정문,최종윤"
270,김교흥,"김병욱,김수흥,신동근,우원식,윤관석,정일영,정태호,최기상,허종식"
271,홍문표,"김상훈,김선교,김희곤,박형수,성일종,윤재갑,이달곤,이만희,이명수,이영"
272,김종민,null
273,정필모,null
274,서영석,"고영인,권인숙,김병욱,김성주,김수흥,문진석,신동근,이용빈,이정문,임호선,장경태,조승래,최종윤"
275,정필모,null
276,정필모,null
277,김경협,"김남국,김두관,김민철,김용민,김원이,김한정,노웅래,문정복,용혜인,윤건영,홍기원"
278,정필모,null
279,김의겸,null
280,이용선,"김민철,김병욱,김영호,김용민,문진석,민병덕,서영석,소병철,이광재,이용빈,장철민"
281,조경태,"김용판,박성민,백종헌,윤재갑,이명수,정동만,조명희,최춘식,하영제"
282,조경태,"김용판,박성민,백종헌,윤재갑,이명수,정동만,조명희,최춘식,하영제"
283,박찬대,"권인숙,김민철,박홍근,유정주,윤영덕,이동주,이성만,이용빈,홍영표"
284,우원식,"김정호,문정복,문진석,민병덕,박재호,서영석,송옥주,윤미향,이동주,이학영,이해식,정일영,조오섭,주철현"
285,홍문표,"김상훈,김선교,김희곤,박형수,성일종,윤재갑,이달곤,이만희,이명수,이영"
286,김경협,"김남국,김두관,김민철,김용민,김원이,김한정,노웅래,문정복,용혜인,윤건영,홍기원"
287,이용우,"권인숙,박영순,오영환,이동주,이병훈,장철민,정필모,조응천,홍성국"
288,이용선,"김병욱,김영호,김홍걸,문진석,민병덕,서영석,송영길,이광재,이용빈,장철민"
289,정성호,"김남국,김두관,김병욱,김성환,김영진,김정호,박상혁,양경숙,용혜인,이동주,임종성"
290,정성호,"김남국,김두관,김병욱,김성환,김영진,김정호,박상혁,양경숙,용혜인,이동주,임종성"
291,정우택,"구자근,김영식,백종헌,유경준,윤창현,이종성,조경태,지성호,태영호"
292,이해식,"고영인,김성환,김승원,김영배,박상혁,배진교,서영석,오영환,우원식,이용빈,이학영,최강욱"
293,이용우,"권인숙,노웅래,민병덕,박영순,오영환,이동주,이병훈,장철민,정필모,홍성국"
294,김두관,"강준현,민홍철,박재호,서삼석,송갑석,송재호,신정훈,오영환,윤영덕,이개호,이광재,이상헌,이해식,전재수,정성호,주철현,최인호"
295,태영호,"김미애,김병욱,김상훈,김선교,김성원,유경준,정우택,조태용,한무경"
296,김철민,"고영인,김민철,도종환,박성준,서삼석,오영환,유동수,윤준병,윤후덕,이병훈,이정문,최기상,한준호"
297,김수흥,"김경만,김교흥,박성준,서영석,소병철,안규백,전용기,정일영,황운하"
298,김수흥,"김경만,김교흥,박성준,서영석,소병철,안규백,전용기,정일영,황운하"
299,김수흥,"김경만,김교흥,박성준,서영석,소병철,안규백,전용기,정일영,황운하"
300,김진표,"고용진,김민철,김병기,김병주,박성준,설훈,신정훈,안규백,최기상,한병도,홍영표,홍익표"
301,구자근,"김병욱,김선교,김성원,박대수,박성민,서범수,안병길,윤재옥,이주환,정우택"
302,조정훈,"김두관,민병덕,신정훈,오기형,윤미향,이재정,이형석,최연숙,홍정민"
303,최인호,"김병기,노웅래,박상혁,서동용,서영교,위성곤,유기홍,이원택,한준호"
304,최인호,"김병기,노웅래,박상혁,서동용,서영교,위성곤,유기홍,이원택,한준호"
305,최인호,"김병기,노웅래,박상혁,서동용,서영교,위성곤,유기홍,이원택,한준호"
306,신영대,"권칠승,김교흥,김민철,김영진,민형배,서삼석,양정숙,이탄희,이학영,장경태"
307,배준영,"구자근,박완수,서병수,양금희,정우택,조명희,조수진,최춘식,허종식"
308,홍성국,"강선우,김경만,김병기,김상희,김성주,김원이,노웅래,민병덕,변재일,양기대,이개호,이병훈,이용우,전용기,정태호,최기상,최혜영,홍익표"
309,김태호,"강기윤,김병욱,김석기,김선교,김성원,김승수,김용판,박완수,서정숙,안병길,이용,이종배,이주환,이철규,임이자,정운천,홍문표,홍석준"
310,이종성,"강기윤,김용판,박대수,박덕흠,박형수,서정숙,유경준,이명수,전봉민,정동만,정우택,조명희"
311,장혜영,"강민정,강은미,권인숙,류호정,박주민,배진교,심상정,용혜인,윤미향,이상민,이은주"
312,허은아,"강민국,김병욱,김웅,박대수,이양수,전주혜,정우택,조명희,최승재,태영호"
313,허은아,"강민국,김병욱,김웅,박대수,이양수,전주혜,정우택,조명희,최승재,태영호"
314,양경숙,"강득구,김주영,송옥주,윤준병,이동주,이수진,정성호,정일영,진성준,황운하"
315,이종성,"김승수,김예지,김용판,박대수,박덕흠,박형수,유경준,이명수,이종배,정우택"
316,민병덕,"강선우,강준현,김상희,김원이,박상혁,송기헌,송옥주,오영환,이용선,홍성국"
317,유경준,"김병욱,김승수,김용판,김웅,박성중,배현진,송석준,용혜인,이종성,정우택,조명희,조수진,태영호,황보승희"
318,유경준,"김병욱,김승수,김용판,김웅,박성중,송석준,신원식,정우택,조명희,조수진,태영호,홍문표,황보승희"
319,유경준,"김병욱,김승수,김용판,김웅,박성중,배현진,용혜인,이종성,정우택,조명희,조수진,태영호,홍문표,황보승희"
320,안규백,"강선우,김병주,김수흥,김진표,변재일,윤관석,이수진,전혜숙,정일영"
321,최연숙,"권은희,김병욱,김상훈,김정재,김학용,백종헌,양정숙,임병헌,조정훈"
322,고용진,"김경만,김정호,김주영,김진표,박성준,양정숙,양향자,이성만,이용선,정일영,홍성국"
323,송기헌,"강민정,김영배,백혜련,서동용,신정훈,정일영,조승래,주철현,한병도,홍정민"
324,김병욱,"김미애,김성원,김예지,김태호,박성민,유의동,이명수,주호영,태영호,한무경,허은아"
325,정우택,"구자근,김영식,백종헌,신원식,윤영석,이종성,조경태,지성호,태영호"
326,김용판,"강대식,권명호,김성원,김영식,김예지,박대수,서일준,이주환,하영제"
327,김용판,"강대식,권명호,김성원,김영식,김예지,박대수,서일준,이주환,하영제"
328,김미애,"김선교,박대수,백종헌,윤두현,정경희,조명희,조오섭,최승재,최재형,태영호,하태경,홍석준,황보승희"
329,김미애,"김선교,박대수,백종헌,윤두현,정경희,조명희,조오섭,최승재,최재형,태영호,하태경,홍석준,황보승희"
330,조오섭,"강민정,고민정,김민철,문진석,송갑석,송재호,윤영덕,윤재갑,이동주,이병훈,이형석,인재근,장경태,최기상,허영"
331,조오섭,"강민정,고민정,김민철,노웅래,문진석,송갑석,송재호,윤영덕,이병훈,인재근,장경태,최기상,허영"
332,우상호,"강민정,강병원,김정호,김홍걸,백혜련,송재호,이병훈,이상민,이성만,한준호"
333,우상호,"강민정,강병원,김정호,백혜련,송재호,이병훈,이상민,이성만,한준호"
334,우상호,"강민정,강병원,김정호,백혜련,송재호,이병훈,이상민,이성만,한준호"
335,송기헌,"김민기,민병덕,박주민,송재호,신영대,유정주,이상헌,정일영,조승래,최기상,허영"
336,송기헌,"김민기,민병덕,박주민,송재호,신영대,유정주,이상헌,정일영,조승래,최기상"
337,송기헌,"김민기,민병덕,박주민,신영대,유정주,이상헌,정일영,조승래,최기상"
338,최혜영,"김남국,김상희,양향자,오영환,유정주,윤건영,윤영찬,이탄희,임호선,최기상"
339,송기헌,"김민기,김홍걸,민병덕,송재호,신영대,유정주,이상헌,정일영,조승래,최기상,허영"
340,송기헌,"김홍걸,민병덕,박주민,송재호,신영대,유정주,이상헌,정일영,조승래,최기상,허영"
341,송기헌,"김홍걸,민병덕,박주민,송재호,신영대,유정주,이상헌,정일영,조승래,최기상,허영"
342,오기형,"김민철,김영배,김진표,윤건영,임호선,장철민,조정훈,최기상,홍영표"
343,이용선,"김병기,김용민,김철민,김홍걸,남인순,민병덕,양향자,이용빈,이학영,장철민"
344,장혜영,"강민정,강은미,김홍걸,류호정,배진교,심상정,이수진,이은주,허종식"
345,구자근,"권명호,김선교,김예지,서정숙,안병길,엄태영,이종배,이종성,이주환,임이자,황보승희"
346,김영호,"김경만,김용민,김정호,송옥주,신정훈,윤건영,이원택,정필모,황운하"
347,이명수,"김상훈,류성걸,박완수,배현진,서일준,성일종,윤두현,최춘식,홍문표"
348,이명수,"김상훈,류성걸,박완수,배현진,서일준,성일종,윤두현,최춘식,홍문표"
349,이명수,"김상훈,류성걸,박완수,배현진,서일준,성일종,윤두현,최춘식,홍문표"
350,이용빈,"강득구,김민철,김병욱,김홍걸,서영교,서영석,송갑석,유정주,이광재,이용선,이정문,이형석,전혜숙,조승래,주철현,최기상,한병도,한준호"
351,박주민,"강민정,강훈식,김경만,김두관,김승원,김정호,김진표,노웅래,서영교,서영석,송영길,송재호,양이원영,유정주,윤건영,윤영덕,이동주,이수진,이용우,이원욱,최혜영,허영,홍기원,홍정민"
352,김영호,"김경만,김영배,김용민,김정호,신정훈,이원택,이인영,정필모,황운하"
353,조오섭,"강은미,문진석,민형배,송갑석,우원식,윤영덕,이병훈,이학영,주철현"
354,이종성,"구자근,김승수,김예지,박대수,서정숙,성일종,이명수,정운천,조명희"
355,이종성,"구자근,김승수,김예지,박대수,서정숙,성일종,이명수,정운천,조명희"
356,홍익표,"김영배,김진표,박성준,오영환,윤영찬,전용기,전혜숙,정태호,홍성국"
357,이종성,"구자근,김승수,김예지,박대수,서정숙,성일종,이명수,정우택,정운천,조명희"
358,홍익표,"김영배,김진표,박성준,오영환,윤영찬,전용기,전혜숙,정태호,홍성국"
359,이종성,"구자근,김승수,김예지,박대수,서정숙,성일종,이명수,정운천,조명희"
360,이종성,"구자근,김승수,김예지,박대수,서정숙,성일종,이명수,정운천,조명희"
361,이종성,"구자근,김승수,김예지,박대수,서정숙,성일종,이명수,정운천,조명희"
362,이종성,"구자근,김승수,김예지,박대수,서정숙,성일종,이명수,정운천,조명희"
363,이종성,"구자근,김승수,김예지,박대수,서정숙,성일종,이명수,정운천,조명희"
364,이종성,"김승수,김예지,박대수,서정숙,성일종,이명수,정우택,정운천,조명희"
365,이종성,"구자근,김승수,김예지,박대수,서정숙,성일종,이명수,정운천,조명희"
366,이종성,"구자근,김승수,김예지,박대수,서정숙,성일종,이명수,정운천,조명희"
367,이종성,"구자근,김승수,김예지,박대수,서정숙,성일종,이명수,정운천,조명희"
368,이종성,"구자근,김승수,김예지,박대수,서정숙,성일종,이명수,정운천,조명희"
369,이종성,"구자근,김승수,김예지,박대수,서정숙,성일종,이명수,정운천,조명희"
370,임호선,"고영인,권칠승,김상희,오영환,이학영,정태호,최기상,최혜영,홍성국"
371,정춘숙,"강득구,권인숙,김상희,민병덕,양정숙,이수진,이용빈,이용선,허종식"
372,윤관석,"강병원,김교흥,김영배,김정호,변재일,안규백,오영환,전재수,허종식"
373,이수진,"강민정,김승원,김정호,김주영,김진표,송옥주,신현영,안호영,윤재갑,이탄희,최기상"
374,안민석,"김병욱,김승원,김한정,남인순,서영석,설훈,오영환,이정문,이탄희,정춘숙,한준호,홍기원"
375,류호정,"강민정,강은미,배진교,송옥주,심상정,양정숙,이은주,장혜영,태영호"
376,이병훈,"김승남,김주영,노웅래,박성준,박정,서동용,어기구,오영환,윤재갑,이개호,이용우,임오경,전용기,정태호,홍익표"
377,이개호,"김병기,김주영,서삼석,오영환,위성곤,윤재갑,이병훈,최기상,홍성국"
378,이병훈,"김승남,김주영,박성준,박정,서동용,어기구,오영환,윤재갑,이개호,이용우,임오경,전용기,홍익표"
379,허종식,"김민기,김성주,김정호,박찬대,배준영,송영길,신동근,어기구,유동수,이성만,정일영,최기상"
380,이병훈,"김승남,김주영,노웅래,박성준,박정,서동용,어기구,오영환,윤재갑,이개호,이용우,임오경,전용기,정태호,홍익표"
381,이병훈,"김병욱,김승남,김주영,노웅래,박성준,박정,서동용,어기구,오영환,윤재갑,이개호,이용우,전용기,정태호,홍익표"
382,이병훈,"김승남,김주영,박성준,박정,서동용,어기구,오영환,윤재갑,이개호,이용우,임오경,전용기,홍익표"
383,이병훈,"김병주,김승남,김주영,박성준,박정,서동용,어기구,오영환,윤재갑,이개호,이용우,전용기,홍익표"
384,서일준,"김승수,김용판,양금희,이명수,이영,이주환,이철규,지성호,하영제"
385,서일준,"김승수,김용판,양금희,이명수,이영,이주환,이철규,지성호,하영제"
386,김병욱,"강병원,김교흥,김정호,양정숙,윤후덕,이동주,장철민,전재수,최인호"
387,전용기,"강훈식,김남국,김두관,노웅래,박정,서삼석,송갑석,오영환,이상헌,이성만,임종성,정청래,최기상"
388,이정문,"고영인,기동민,김남국,김원이,김철민,문진석,민형배,박상혁,박주민,서동용,서영석,안민석,유정주,이용빈,이용선,이탄희,이형석,최기상,최혜영"
389,정우택,"김영식,김희곤,배준영,송석준,이종배,이종성,이주환,조경태,지성호,허은아,황보승희"
390,최연숙,"강민정,권은희,김두관,김병욱,김예지,김정재,백종헌,송재호,양정숙"
391,이용우,"노웅래,민병덕,민형배,송영길,오기형,이병훈,이수진,임호선,홍정민"
392,설훈,"김병기,김병주,김승남,김원이,김정호,김홍걸,소병철,송갑석,신정훈,양향자,이용빈,주철현,홍영표"
393,강득구,"강민정,김경만,김두관,맹성규,민형배,송옥주,윤미향,윤영덕,이동주,정일영,최기상"
394,강득구,"강민정,권인숙,김진표,김홍걸,김회재,송옥주,양경숙,최기상,홍영표"
395,최기상,"기동민,김진표,양경숙,양이원영,양정숙,윤영덕,이동주,임호선,허영,홍정민"
396,박광온,"김영배,김홍걸,민병덕,민형배,송갑석,윤영찬,임호선,전용기,홍성국"
397,설훈,"강병원,기동민,김두관,김병기,김수흥,김의겸,김홍걸,민홍철,안민석,황운하"
398,송갑석,"김경만,민형배,서삼석,안호영,오영환,윤영덕,이성만,이장섭,이형석,전용기,정태호,한병도"
399,박홍근,null
400,홍영표,"강득구,김민기,김민철,김병기,김병주,김영진,김진표,박찬대,백혜련,소병철,송영길,신동근,이성만"
401,박홍근,null
402,이동주,"강훈식,김경만,송영길,윤재갑,이상헌,이성만,이정문,이학영,홍익표"
403,권인숙,"강득구,강민정,김철민,남인순,박성준,송영길,송옥주,유정주,윤영덕,이탄희,조승래"
404,김태호,"강기윤,김병욱,김성원,김승수,김용판,박완수,안병길,엄태영,이종성,정운천,홍문표,홍석준"
405,박주민,"강득구,김두관,김용민,김정호,김종민,박영순,이탄희,장혜영,최혜영"
406,안규백,"강선우,김병욱,김병주,김진표,변재일,송옥주,양경숙,윤관석,최기상"
407,김철민,"김민철,도종환,맹성규,박성준,오영환,유동수,윤후덕,이병훈,이정문,한준호"
408,김병욱,"구자근,김석기,김영식,김태호,박성민,유의동,이명수,정우택,태영호"
409,박광온,"김영배,송갑석,윤영찬,이병훈,이장섭,이탄희,임호선,전용기,홍영표"
410,박광온,"김영배,김홍걸,민병덕,민형배,송갑석,윤영찬,임호선,전용기,홍성국"
411,김학용,"권성동,김석기,김성원,김형동,박덕흠,박성중,성일종,윤상현,윤영석,이채익,임병헌,임이자,정우택"
412,정운천,"강민국,권명호,김형동,류성걸,성일종,양금희,윤영석,윤주경,이종성,이채익"
413,민형배,"강득구,박상혁,박성준,소병훈,송갑석,송재호,윤미향,이정문,최기상"
414,민형배,"강득구,박상혁,박성준,소병훈,송갑석,송재호,윤미향,윤영덕,이정문,최기상"
415,박성준,"고용진,김영배,김진표,김홍걸,민형배,박정,양향자,오영환,임오경"
416,김예지,"김선교,김승수,김용판,류호정,박완수,유정주,이달곤,이종성,이주환"
417,이개호,"김병기,김주영,서삼석,어기구,오영환,위성곤,윤재갑,이병훈,홍성국"
418,김주영,"김수흥,노웅래,박홍근,오영환,위성곤,윤재갑,윤후덕,이병훈,이원욱"
419,박성중,"강기윤,김용판,백종헌,이종성,추경호,하영제,한무경,홍석준,황보승희"
420,권인숙,"강득구,강민정,김철민,남인순,박성준,송영길,송옥주,유정주,윤영덕,조승래"
421,정일영,"김병기,김수흥,김주영,김진표,박성준,박찬대,박홍근,송기헌,송재호,신동근,유동수,윤관석,이광재,이해식,임오경,장철민,최기상,허종식"
422,김성원,"김용판,박대수,박덕흠,이양수,이종배,정운천,조명희,최춘식,태영호"
423,김성원,"김용판,박대수,박덕흠,이양수,이종배,정운천,조명희,최춘식,태영호"
424,정일영,"김병기,김수흥,김주영,김진표,박성준,박찬대,박홍근,송재호,유동수,윤관석,윤준병,이광재,이해식,장철민,최기상,허종식,홍기원"
425,장경태,"김남국,김두관,김승원,류호정,민형배,서영석,이용빈,이원택,최기상"
426,박광온,"김영배,송갑석,윤영찬,이개호,이병훈,이장섭,임호선,전용기,홍영표"
427,박광온,"김영배,김철민,김홍걸,민병덕,민형배,송갑석,윤영찬,전용기,홍성국"
428,고영인,"김두관,김민석,김진표,서영석,송영길,이용우,인재근,최종윤,최혜영"
429,고영인,"김두관,김민석,김진표,서영석,송영길,이용우,인재근,최종윤,최혜영"
430,고영인,"김두관,김민석,김진표,서영석,송영길,이용우,인재근,최종윤,최혜영"
431,김남국,"김두관,김병기,김영배,김용민,소병철,송재호,오영환,이병훈,이수진,한준호"
432,박광온,"김영배,송갑석,윤영찬,이개호,이병훈,이장섭,임호선,전용기,홍영표"
433,박광온,"김영배,김철민,민병덕,민형배,송갑석,윤영찬,임호선,전용기,홍성국"
434,박광온,"김영배,송갑석,윤영찬,이병훈,이장섭,이탄희,임호선,전용기,홍영표"
435,최강욱,"강민정,김남국,김용민,김의겸,김정호,김종민,문정복,윤영덕,장철민"
436,박광온,"고영인,김영배,송갑석,윤영찬,이개호,이병훈,이장섭,전용기,홍영표"
437,박광온,"김영배,김홍걸,민병덕,민형배,송갑석,윤영찬,임호선,전용기,홍성국"
438,박광온,"김영배,송갑석,윤영찬,이개호,이병훈,이장섭,이탄희,전용기,홍영표"
439,박광온,"김영배,김홍걸,민병덕,민형배,송갑석,윤영찬,임호선,전용기,홍성국"
440,정일영,"강득구,고용진,김교흥,김병기,김주영,김진표,김회재,노웅래,민형배,박찬대,송영길,양경숙,우원식,유동수,유정주,이성만,이수진,장철민,최기상,홍기원"
441,박상혁,"김정호,김철민,문진석,민병덕,민형배,박정,서동용,서삼석,송재호,신동근,안호영,어기구,윤후덕,임호선,정성호,최기상,최인호"
442,서정숙,"구자근,김미애,김예지,김태호,송언석,이용,정운천,하영제,한무경"
443,정점식,"김용판,김정재,김태호,김태흠,박덕흠,성일종,안병길,이채익,조수진"
444,황운하,"김남국,김두관,김병기,양정숙,오영환,이수진,정일영,정태호,홍기원,홍정민"
445,이용우,"김진표,노웅래,송영길,이병훈,이수진,이수진,정필모,최기상,홍정민"
446,이수진,"김경만,김병기,김정호,남인순,박상혁,박찬대,서영교,송재호,이상헌,이용우,임오경,최기상"
447,박상혁,"김정호,김철민,문진석,민병덕,민형배,박정,서동용,서삼석,송재호,신동근,안호영,어기구,윤후덕,임호선,정성호,최기상,최인호"
448,박상혁,"김정호,김철민,문진석,민병덕,민형배,박정,서동용,서삼석,송재호,신동근,안호영,어기구,윤후덕,임호선,정성호,최기상,최인호"
449,홍석준,"김석기,김승수,김용판,김정재,송석준,윤창현,이종배,추경호,한무경"
450,정점식,"김용판,김정재,김태호,김태흠,박덕흠,성일종,안병길,이채익,조수진"
451,정점식,"김용판,김정재,김태호,김태흠,박덕흠,성일종,안병길,이채익,조수진"
452,윤준병,"김성주,김성환,김정호,김철민,민형배,신정훈,양정숙,오영환,한병도"
453,김주영,"강민정,고용진,김정호,양경숙,양향자,오영환,윤건영,윤재갑,윤후덕,이성만,정일영"
454,김홍걸,"김경만,김두관,김병기,김영주,송기헌,양정숙,오영환,이용선,조승래"
455,정우택,"김병욱,김영식,김정재,김학용,배준영,이종성,이주환,조경태,황보승희"
456,전용기,"권칠승,김성주,노웅래,송갑석,이병훈,이상헌,이장섭,임호선,정청래"
457,안호영,"김성주,김수흥,김승원,김윤덕,김의겸,신영대,양경숙,유정주,윤준병,이수진,이용호,이원택,최강욱,한병도,허영,황운하"
458,김두관,"김병주,김정호,김홍걸,류호정,용혜인,유기홍,전용기,전재수,주철현"
459,조승래,"김홍걸,도종환,서영석,송기헌,양정숙,이용빈,이원욱,장철민,정일영,최종윤,한준호,홍정민"
460,송재호,"강준현,김경만,김두관,민형배,박완주,윤건영,윤재갑,임호선,조오섭,최기상,허영"
461,이상헌,"김승원,김종민,서영교,송기헌,송옥주,신동근,이수진,임오경,전용기"
462,송재호,"강준현,김경만,김두관,민형배,박완주,윤건영,윤재갑,임호선,조오섭,최기상,허영,홍성국"
463,오기형,"강선우,강훈식,고민정,기동민,김민철,김영배,박상혁,이소영,이용우,장철민,조응천"
464,송재호,"강준현,김경만,김두관,김홍걸,민형배,박완주,윤건영,윤재갑,임호선,조오섭,최기상,허영"
465,이상헌,"김교흥,김종민,송기헌,송옥주,송재호,신동근,이성만,이수진,임오경,전용기"
466,송재호,"강준현,김경만,김두관,김회재,민형배,박완주,윤건영,윤재갑,임호선,조오섭,최기상,허영"
467,박영순,"강득구,김두관,윤재갑,이병훈,임호선,조승래,진성준,최기상,황운하"
468,김병욱,"김미애,김영식,김정재,김학용,류성걸,박성민,이명수,정우택,태영호"
469,전용기,"김두관,김병기,김영배,박광온,오영환,윤준병,이병훈,장철민,전재수"
470,전용기,"김두관,김병기,김영배,박광온,오영환,윤준병,이병훈,장철민,전재수"
471,전용기,"김두관,김병기,김영배,박광온,오영환,윤준병,이병훈,장철민,전재수"
472,도종환,"강병원,김정호,김철민,박정,오영환,유정주,이정문,인재근,전용기,조승래"
473,전용기,"김두관,김병기,김영배,노웅래,박광온,박정,오영환,윤준병,전재수"
474,전용기,"김두관,김병기,김영배,노웅래,박광온,박정,오영환,윤준병,장철민,전재수"
475,전용기,"권칠승,김성주,노웅래,송갑석,이병훈,이상헌,이장섭,임호선,정청래"
476,노웅래,"고영인,김병기,김정호,김주영,서삼석,양기대,윤준병,이해식,전용기"
477,김원이,"기동민,민병덕,박상혁,서삼석,소병훈,신정훈,이정문,최기상,최혜영"
478,송갑석,"강훈식,김승남,민형배,신정훈,안호영,오영환,윤영덕,이동주,이병훈,이성만,이용빈,이형석,전용기,조오섭,최기상,한병도,홍성국"
479,김철민,"고영인,김민철,도종환,맹성규,박성준,서삼석,오영환,윤후덕,이병훈,이정문,한준호"
480,김원이,"기동민,민병덕,박상혁,서삼석,소병훈,신정훈,유기홍,이정문,최기상,최혜영,홍성국"
481,노웅래,"고영인,김병기,김정호,김주영,서삼석,양기대,윤준병,이해식,전용기"
482,이정문,"강민정,강준현,김교흥,김두관,김민철,김병기,김성주,김원이,김윤덕,김철민,김홍걸,남인순,노웅래,도종환,문진석,민형배,박상혁,박용진,박정,배진교,서동용,서영교,서영석,설훈,성일종,송갑석,송재호,신동근,신영대,신정훈,안민석,양정숙,우원식,유정주,윤건영,윤관석,윤재갑,윤준병,이동주,이명수,이병훈,이수진,이수진,이용빈,이용호,이원욱,이원택,이학영,임오경,임호선,장철민,장혜영,전주혜,정성호,정춘숙,최강욱,최기상,홍문표,홍성국"
483,전용기,"김남국,김두관,노웅래,박정,송갑석,신동근,안호영,오영환,이상헌,이성만,임종성,장경태,장철민,정청래,최기상"
484,김석기,"구자근,김병욱,김정재,박성중,박진,조명희,조은희,지성호,추경호,태영호,홍석준"
485,소병철,"김병기,김영배,김주영,김홍걸,백혜련,윤재갑,이용선,정일영,홍기원,홍영표"
486,임오경,"박상혁,박성준,서영교,신동근,오영환,유정주,이병훈,이상헌,이정문,장철민,최기상"
487,임오경,"박상혁,박성준,서영교,신동근,오영환,유정주,이병훈,이상헌,이정문,장철민,최기상"
488,임오경,"박상혁,박성준,서영교,신동근,오영환,유정주,이병훈,이상헌,이정문,장철민,최기상"
489,임오경,"박상혁,박성준,서영교,신동근,오영환,유정주,이병훈,이상헌,이정문,장철민,최기상"
490,임오경,"박상혁,박성준,서영교,신동근,오영환,유정주,이병훈,이상헌,이정문,장철민,최기상"
491,임오경,"박상혁,박성준,서영교,신동근,오영환,유정주,이병훈,이상헌,이정문,장철민,최기상"
492,류성걸,"김병욱,김상훈,박덕흠,배준영,서병수,이명수,이종배,이헌승,정동만,정운천,주호영"
493,류성걸,"김병욱,김웅,박덕흠,배준영,서병수,이명수,이종배,이헌승,정동만,정운천,주호영"
494,류성걸,"김병욱,김웅,박덕흠,배준영,서병수,이명수,이종배,정동만,정운천,주호영"
495,김민철,"김교흥,김철민,양기대,오영환,윤준병,이용빈,이형석,임호선,최기상"
496,이정문,"김병기,김진표,김철민,문진석,민형배,박상혁,서영석,신동근,이광재,이성만,이탄희"
497,이정문,"김병기,김철민,문진석,민형배,박상혁,박완주,서영석,신동근,이광재,이성만,이탄희"
498,이정문,"김병기,김철민,문진석,민형배,박상혁,박완주,서영석,신동근,이광재,이성만,이탄희"
499,이정문,"김병기,김철민,문진석,민형배,박상혁,박완주,서영석,신동근,이광재,이성만,이탄희"
500,김남국,"강민정,강훈식,김승원,김영배,김용민,민형배,박상혁,박성준,박영순,박찬대,유정주,윤영덕,장경태,최강욱,최혜영,한준호,홍정민,황운하"
501,김남국,"강민정,강훈식,김승원,김영배,김용민,민형배,박상혁,박성준,박영순,박찬대,서영석,유정주,윤영덕,장경태,최강욱,최혜영,한준호,홍정민,황운하"
502,김석기,"구자근,김미애,김병욱,김정재,박성중,박진,정진석,조명희,조은희,지성호,추경호,태영호,홍석준"
503,김상훈,"김선교,김희곤,박대수,송언석,이종배,지성호,최승재,추경호,한무경,홍석준"
504,구자근,"권명호,김석기,김선교,김예지,김용판,김태흠,김희곤,이명수,정우택"
505,김정재,"권명호,김병욱,김석기,박대수,송언석,양금희,이철규,정우택,한무경"
506,김상훈,"강기윤,박대출,박수영,송석준,송언석,이영,이종성,정우택,홍문표"
507,정우택,"구자근,김병욱,김학용,신원식,양금희,윤창현,이종성,조경태,태영호"
508,김석기,"구자근,김미애,김병욱,김정재,박성중,박진,정진석,조명희,조은희,지성호,추경호,태영호,홍석준"
509,서병수,"김도읍,김미애,김영식,백종헌,안병길,이주환,이헌승,전봉민,정동만,조경태,하태경,황보승희"
510,최혜영,"강준현,김민기,김민석,김상희,김성주,이수진,이은주,임호선,최종윤"
511,정점식,"김영식,김용판,김정재,김태호,김태흠,박덕흠,안병길,이채익,조수진"
512,서병수,"김도읍,류성걸,박수영,백종헌,안병길,이주환,이헌승,전봉민,정동만,조경태,황보승희"
513,장경태,"김승원,류호정,서영석,신동근,유정주,이용빈,이원택,전용기,최기상"
514,이탄희,"권인숙,김정호,박찬대,송갑석,신영대,양이원영,용혜인,윤영덕,이수진,이은주,조정훈,천준호,최기상"
515,김홍걸,"김경만,김두관,김병기,김병주,소병철,송기헌,송옥주,양정숙,오영환,조승래"
516,이종성,"구자근,김상훈,김승수,김학용,박대수,성일종,이종배,정우택,정운천"
517,이종성,"구자근,김상훈,김승수,박대수,성일종,이종배,정우택,정운천,정진석"
518,양경숙,"고용진,김의겸,김정호,안민석,위성곤,윤준병,이동주,이수진,전재수,정일영"
519,조수진,"김선교,김태흠,김학용,박대수,배준영,성일종,윤한홍,이달곤,이종성,조명희"
520,김용민,"김승원,민형배,박상혁,박영순,유정주,윤영덕,이탄희,최강욱,홍정민"
521,장철민,"김병욱,김주영,송옥주,윤미향,윤준병,이수진,임종성,전용기,정일영,최기상,한병도"
522,전용기,"김두관,김영배,박정,서삼석,송갑석,신동근,이상헌,이성만,임종성,정청래"
523,이달곤,"권명호,김승수,김예지,김용판,김학용,박대수,윤영석,최형두,하영제"
524,박상혁,"김정호,민형배,서삼석,송재호,신동근,안호영,어기구,윤후덕,임호선,정성호,최기상,최인호"
525,황보승희,"구자근,김도읍,박대수,박진,백종헌,서병수,송석준,유경준,전봉민,정동만,조명희"
526,황보승희,"구자근,김도읍,박대수,박진,백종헌,서병수,송석준,유경준,전봉민,정동만,정우택,조명희"
527,김도읍,"구자근,권명호,김상훈,김성원,김태흠,신원식,양금희,정동만,추경호,태영호"
528,김도읍,"구자근,권명호,김성원,김승수,김태흠,양금희,정동만,추경호,태영호"
529,김도읍,"구자근,권명호,김상훈,김성원,김태흠,신원식,양금희,정동만,추경호,태영호"
530,김도읍,"구자근,권명호,김상훈,김성원,김태흠,신원식,양금희,정동만,추경호,태영호"
531,김영주,"김경만,김병기,김진표,김홍걸,노웅래,신정훈,윤재갑,이용우,정태호,정필모,천준호"
532,김영주,"김경만,김병기,김진표,김홍걸,노웅래,맹성규,신정훈,윤재갑,이용우,정태호,정필모,천준호"
533,김영배,"민형배,박광온,박성준,설훈,오영환,유정주,이병훈,이장섭,홍익표"
534,태영호,"김도읍,김미애,김병욱,김석기,김선교,김예지,유경준,정우택,조태용"
535,강득구,"강민정,김정호,김진표,김철민,박영순,양경숙,윤영덕,이용빈,이원욱,정청래,홍정민"
536,강득구,"김정호,김진표,김철민,박영순,윤영덕,이용빈,이원욱,정청래,홍정민"
537,송석준,"김상훈,김선교,김학용,박성민,소병훈,유경준,임종성,정우택,황보승희"
538,윤준병,"김성주,김성환,김철민,민형배,박영순,안호영,양정숙,오영환,이수진,장철민,홍기원,홍성국"
539,이만희,"구자근,권성동,김석기,김승수,양금희,윤두현,이명수,이양수,조명희,한무경,홍문표"
540,정우택,"구자근,김상훈,김학용,송석준,신원식,윤영석,윤창현,이종배,이종성,태영호"
541,김회재,"김경만,김민철,김병주,김영주,신현영,양정숙,이성만,이용빈,이형석,홍기원,홍성국"
542,김회재,"김경만,김민철,김병주,김영주,신현영,양정숙,이성만,이용빈,이형석,홍기원"
543,김용판,"김성원,김영식,김예지,박대수,박덕흠,박성민,유경준,이종성,이주환,최춘식,추경호"
544,홍정민,"강득구,고용진,김승남,민형배,신정훈,오영환,유정주,이수진,이원욱,정청래"
545,홍정민,"강득구,김승남,민형배,신정훈,오영환,유정주,이수진,이원욱,정청래"
546,홍정민,"강득구,고용진,김승남,민형배,신정훈,오영환,유정주,이수진,이원욱,정청래"
547,홍정민,"강득구,김승남,민형배,신정훈,오영환,유정주,이수진,이원욱,정청래"
548,홍정민,"강득구,고용진,김승남,민형배,신정훈,오영환,유정주,이수진,이원욱,정청래"
549,김병기,"김병욱,김성환,김영주,김정호,김홍걸,문진석,박완주,오영환,용혜인,황운하"
550,김용판,"김상훈,김성원,김예지,김형동,박대수,박덕흠,박성민,엄태영,이종성,이주환,최춘식,추경호"
551,전용기,"강훈식,김두관,박정,서삼석,송갑석,이상헌,장경태,정청래,최기상"
552,전용기,"강훈식,김두관,박정,서삼석,송갑석,이상헌,장경태,정청래,최기상"
553,김예지,"김선교,김승수,김용판,박완수,엄태영,이종성,이주환,최형두,추경호"
554,이원택,"김정호,서삼석,송재호,신정훈,위성곤,유정주,장경태,주철현,최인호"
555,이원택,"박홍근,서삼석,신정훈,안호영,윤준병,장경태,주철현,최인호,한병도"
556,김예지,"김선교,김승수,김용판,배현진,이종성,이주환,지성호,추경호,태영호"
557,이종배,"구자근,김선교,김학용,박덕흠,박성민,성일종,정우택,조명희,추경호,홍문표,홍석준"
558,정청래,"강득구,김용민,박영순,박홍근,양이원영,오영환,이상민,전용기,홍정민"
559,김병기,"강민정,김영배,김진표,김홍걸,민병덕,박성준,설훈,오영환,윤준병,홍기원,홍정민"
560,김예지,"김미애,김선교,김승수,김용판,박완수,엄태영,이종성,이주환,추경호"
561,정청래,"강득구,김영호,박영순,송재호,양이원영,양향자,오영환,전용기,홍정민"
562,구자근,"권명호,김도읍,김석기,김선교,김예지,김용판,김희곤,이종성,태영호"
563,이형석,"김승남,김정호,문진석,안규백,유기홍,윤영덕,이병훈,이용빈,전용기,최기상"
564,이해식,"김두관,김원이,김정호,김주영,노웅래,민형배,송기헌,신동근,오영환,용혜인,우원식,윤준병,이광재,임호선"
565,이해식,"김두관,김원이,김정호,김주영,노웅래,민형배,서영석,송기헌,신동근,오영환,우원식,윤준병,이광재,임호선"
566,이종성,"구자근,김승수,김용판,박대수,박덕흠,성일종,전봉민,정운천,조명희"
567,김두관,"고민정,김수흥,김정호,김주영,김홍걸,노웅래,송재호,신정훈,이상헌,전재수"
568,강득구,"김철민,류호정,박주민,설훈,양경숙,용혜인,이용빈,이원욱,전혜숙,정청래,정춘숙,홍정민"
569,강득구,"김철민,류호정,박주민,설훈,양경숙,이용빈,이원욱,전혜숙,정청래,정춘숙,홍정민"
570,송옥주,"김경만,김영호,김정호,박정,소병훈,안호영,이상민,이상헌,이수진,홍기원"
571,정청래,"강득구,김영배,서동용,송갑석,양이원영,오영환,이수진,임오경,전용기"
572,정청래,"강득구,김영배,서동용,송갑석,양이원영,오영환,이수진,임오경,전용기"
573,남인순,"강준현,고민정,김성주,김정호,김철민,민형배,송옥주,송재호,윤후덕,정성호,정춘숙,최기상,최종윤,허종식"
574,정청래,"김남국,김승남,김승원,김영호,양이원영,오영환,이상헌,전용기,최혜영"
575,김두관,"고민정,김수흥,김정호,김주영,김홍걸,노웅래,송재호,신정훈,이상헌,전재수"
576,강병원,"고민정,김두관,양향자,오영환,유동수,윤관석,윤영찬,이정문,최종윤"
577,김형동,"권명호,김승수,김용판,김태호,김학용,이종성,이주환,임이자,조명희,주호영"
578,박성민,"구자근,김병욱,김용판,송석준,이종배,정동만,정우택,조명희,하영제"
579,김철민,"권인숙,김정호,도종환,민형배,박찬대,안민석,오영환,유기홍,윤준병,이병훈,이수진,이원욱,이정문"
580,허종식,"김교흥,김성주,김정호,박찬대,배준영,배진교,송영길,어기구,유동수,최기상"
581,허종식,"김교흥,김성주,김정호,박찬대,배준영,배진교,송영길,어기구,유동수,최기상"
582,허종식,"김교흥,김성주,김정호,박찬대,배준영,배진교,송영길,어기구,유동수,최기상"
583,허종식,"김교흥,김성주,김정호,박찬대,배준영,배진교,송영길,어기구,유동수,최기상"
584,허종식,"김교흥,김성주,김정호,박찬대,배준영,배진교,송영길,어기구,유동수,최기상"
585,김병기,"김영배,김영주,민병덕,박성준,설훈,오영환,이정문,전용기,정일영,최인호,황운하"
586,김병기,"서동용,설훈,소병철,양정숙,오영환,윤준병,이정문,전용기,정태호,최인호"
587,허종식,"김교흥,김성주,김정호,박찬대,배준영,배진교,송영길,어기구,유동수,최기상"
588,김병기,"서동용,설훈,소병철,양정숙,오영환,윤준병,이정문,전용기,정태호,최인호"
589,서삼석,"강민정,김선교,김승남,김승원,김원이,김정호,김진표,김철민,노웅래,민형배,박정,백혜련,소병철,신정훈,신현영,안규백,오영환,위성곤,유정주,윤영덕,윤재갑,이원택,임종성,임호선,장경태,전용기,최기상,최인호,허영,황운하"
590,유기홍,"강민정,김두관,남인순,양정숙,오영환,윤영덕,이학영,임호선,최기상"
591,유기홍,"강민정,김두관,남인순,송재호,양정숙,오영환,윤영덕,이학영,이형석,임호선"
592,김승수,"김병욱,김영식,김예지,김용판,유경준,이만희,이명수,이종배,하영제"
593,유기홍,"권인숙,김두관,박찬대,서동용,양정숙,오영환,이수진,이학영,임호선,조승래,최기상"
594,김승수,"김병욱,김영식,김예지,김용판,유경준,이만희,이명수,이종배,정운천,하영제"
595,김승수,"김병욱,김영식,김예지,김용판,유경준,이만희,이명수,이종배,정운천,하영제"
596,최강욱,"강민정,김두관,김영배,김의겸,김정호,김종민,남인순,송재호,이수진,임호선,한병도,황운하"
597,김두관,"김경만,김용민,김정호,송재호,신정훈,어기구,이탄희,이학영,전용기,최기상,황운하"
598,김두관,"김경만,김용민,김정호,송재호,신정훈,어기구,이탄희,전용기,최기상,황운하"
599,김두관,"김경만,김용민,김정호,송재호,신정훈,어기구,이탄희,이학영,전용기,최기상,황운하"
600,김형동,"구자근,권명호,김병욱,김석기,김희곤,류성걸,박대수,박성민,박형수,서병수,서일준,양정숙,이종성,임이자,주호영,최춘식,추경호,하영제"
601,송재호,"김영배,김회재,민형배,박상혁,오영훈,위성곤,이상헌,이장섭,한준호"
602,한준호,"기동민,김병기,김용민,김정호,맹성규,소병철,안규백,이상헌,정일영,조승래,최종윤,황운하"
603,김정호,"김두관,박상혁,박완주,박재호,어기구,위성곤,윤준병,이상헌,임종성,정춘숙,최인호,허종식"
604,김정호,"김두관,박상혁,박완주,박재호,어기구,위성곤,윤준병,이상헌,임종성,정춘숙,최인호,허종식"
605,김정호,"김두관,박상혁,박재호,서동용,위성곤,윤준병,윤후덕,이상헌,임종성,정춘숙,최인호,허종식"
606,윤준병,"김상희,김성주,김정호,민형배,신영대,신정훈,오영환,이성만,이소영,이수진,이정문,이해식,홍영표"
607,박완주,"김두관,김병기,김정호,김주영,송옥주,양정숙,양향자,오영환,이상헌,전재수"
608,송재호,"김정호,김회재,오영훈,위성곤,이장섭,이형석,천준호,최종윤,한준호"
609,한무경,"김병욱,김정재,박진,양금희,이만희,지성호,최승재,추경호,태영호"
610,강병원,"고민정,김두관,양향자,오영환,유동수,윤관석,윤영찬,이정문,최종윤"
611,김승원,"강민정,김한정,도종환,박정,유정주,이병훈,이상헌,장경태,전재수,한병도"
612,민형배,"김의겸,김정호,김철민,남인순,박상혁,변재일,이수진,이정문,주철현,홍정민"
613,박주민,"강민정,강훈식,김민석,김영배,박성준,양정숙,용혜인,최강욱,한준호"
614,박완수,"김성원,김예지,김용판,김정재,김태호,배준영,이명수,이종배,최형두"
615,이정문,"강병원,김원이,문진석,박상혁,박완주,서영석,소병철,신동근,안민석,윤준병,이용빈,임호선"
616,이종성,"김상훈,김용판,김태호,김학용,박덕흠,이종배,정우택,정운천,조명희"
617,양경숙,"고용진,김정호,맹성규,소병훈,안민석,위성곤,이수진,전재수,황운하"
618,홍석준,"김석기,김성원,박성민,송언석,이용,조경태,조명희,지성호,추경호,황보승희"
619,김경만,"강민정,고용진,김두관,김수흥,김정호,김진표,김홍걸,박성준,서영교,설훈,송옥주,신정훈,윤건영,이수진,임오경,임호선,홍성국"
620,송옥주,"김경만,김영호,남인순,민병덕,우원식,윤미향,이수진,임종성,홍기원"
621,이수진,"강민정,권인숙,김용민,김정호,김주영,김진표,박상혁,송재호,신동근,양경숙,양기대,유정주,윤건영,윤영덕,윤재갑,이상헌,이수진,이용우,이원택,임오경,임호선,홍정민,황운하"
622,이수진,"강민정,권인숙,김용민,김정호,김주영,김진표,박상혁,송재호,신동근,양경숙,양기대,유정주,윤건영,윤영덕,윤재갑,이상헌,이수진,이용우,이원택,임오경,임호선,홍정민,황운하"
623,윤영덕,"문진석,민형배,박정,박홍근,송갑석,신정훈,양향자,위성곤,이동주,이병훈,이용빈,이형석,조오섭,홍성국"
624,송옥주,"김경만,김영호,김용민,김홍걸,김회재,박정,소병훈,이수진,임종성,홍기원"
625,송옥주,"김경만,김영호,김용민,김홍걸,김회재,박정,소병훈,이수진,임종성,홍기원"
626,윤영덕,"김정호,김진표,문진석,민형배,박정,박홍근,송갑석,신정훈,위성곤,이동주,이병훈,이용빈,주철현,홍성국"
627,전봉민,"김희곤,백종헌,서일준,안병길,윤영석,이종성,이주환,정동만,황보승희"
628,윤영덕,"문진석,민형배,송갑석,신정훈,위성곤,이동주,이용빈,조오섭,홍성국"
629,박성준,"김영배,김정호,민병덕,민형배,박정,오영환,정성호,홍성국,홍정민"
630,이종배,"구자근,김선교,김성원,박완수,성일종,정우택,조명희,조수진,추경호,태영호,홍석준"
631,김용민,"김남국,김두관,김영호,문진석,민형배,송옥주,이상헌,최종윤,황운하"
632,이달곤,"강민국,구자근,권명호,김영식,김태호,김학용,박대수,박대출,박완수,이용,홍문표"
633,박완수,"김성원,김예지,김용판,김정재,김태호,배준영,이명수,이종배,최형두"
634,김미애,"김병욱,김예지,김용판,김정재,박덕흠,송석준,조명희,지성호,최승재"
635,김영배,"김병기,김홍걸,박광온,박성준,이상헌,이장섭,이형석,전용기,전재수,한준호"
636,이종성,"김승수,김용판,김태호,김학용,박덕흠,박형수,이종배,정운천,조명희"
637,박완수,"김성원,김예지,김용판,김정재,김태호,배준영,이명수,이종배,최형두"
638,이달곤,"강민국,구자근,권명호,김상훈,김영식,김태호,김학용,박대수,박대출,박완수,이용,홍문표"
639,정태호,"김경만,김성환,김정호,신영대,이광재,이성만,이수진,이장섭,한병도"
640,김교흥,"강선우,김수흥,김영주,문진석,소병훈,안규백,유동수,이성만,장경태"
641,정우택,"구자근,김학용,백종헌,양금희,이종성,임이자,조경태,조명희,최춘식,한무경"
642,윤재갑,"김홍걸,문진석,위성곤,윤준병,이동주,이성만,이학영,전용기,주철현,홍문표"
643,지성호,"김석기,김예지,김학용,박대수,박성민,백종헌,이달곤,이영,조태용,한무경"
644,유동수,"강병원,권은희,김교흥,김철민,김홍걸,박영순,박정,이상헌,허종식"
645,주철현,"김두관,김승남,민형배,서삼석,우원식,위성곤,윤영덕,이개호,이원택,조오섭"
646,김용민,"김영호,김진표,유정주,윤건영,이용선,이탄희,최종윤,최혜영,한준호"
647,강은미,"류호정,민형배,배진교,심상정,용혜인,윤미향,이수진,이은주,장혜영"
648,윤준병,"김성주,김성환,김철민,민형배,박정,서영교,신영대,어기구,오영환,이병훈,이상헌,이수진,이정문,장철민,전용기,한병도,한준호"
649,이상헌,"김교흥,박정,박홍근,송재호,안민석,양이원영,이병훈,최기상,한준호,허영"
650,김주영,"강민정,고용진,박홍근,양향자,어기구,오영환,유기홍,유정주,윤건영,윤재갑,윤후덕,이성만,이원욱,정일영,최기상"
651,오영환,"김민철,김병기,김주영,문정복,민병덕,박성준,박정,윤준병,임오경,홍기원"
652,윤재갑,"김주영,소병철,신정훈,용혜인,위성곤,이개호,이학영,주철현,홍문표"
653,민형배,"김병욱,김의겸,김철민,박상혁,박성준,변재일,소병훈,윤미향,이정문,정성호,주철현"
654,민형배,"김병욱,김영배,김의겸,김철민,박상혁,변재일,소병훈,이수진,정성호,홍정민"
655,민형배,"김영배,김의겸,김철민,박상혁,변재일,신정훈,윤미향,이정문,주철현"
656,민형배,"김병욱,김영배,김의겸,김진표,김철민,박상혁,박성준,변재일,신정훈,윤미향,이정문,정필모"
657,황보승희,"구자근,권명호,김도읍,김영식,김희곤,송석준,안병길,유경준,조명희"
658,홍석준,"구자근,김상훈,김성원,김예지,김용판,김태호,윤창현,이종배,지성호,추경호"
659,강민정,"김경만,김두관,김승원,김용민,박영순,송재호,양정숙,이수진,천준호,허종식"
660,임오경,"강득구,김홍걸,문정복,박상혁,박성준,오영환,이성만,이수진,이정문"
661,이주환,"권명호,김기현,김승수,김예지,김용판,박대수,전봉민,지성호,최승재"
662,이상헌,"김교흥,김두관,김용민,김태년,박정,박홍근,송재호,안민석,양이원영,우원식,전용기,진성준,한준호"
663,이상헌,"강선우,김병기,박정,송재호,양이원영,전용기,최기상,한병도,한준호,허영"
664,김교흥,"강선우,김수흥,김영주,박영순,박찬대,윤관석,이상헌,이성만,장경태,허종식"
665,이정문,"김원이,김철민,도종환,문진석,박상혁,서영석,신동근,안민석,임호선"
666,박주민,"강민정,강훈식,김민석,김철민,박재호,박정,박홍근,용혜인,정필모"
667,김성원,"김정재,박대수,박덕흠,성일종,이종배,주호영,최춘식,추경호,태영호"
668,김성원,"김정재,박대수,박덕흠,성일종,이종배,주호영,최춘식,추경호,태영호"
669,김성원,"김정재,박대수,박덕흠,성일종,이종배,주호영,최춘식,추경호,태영호"
670,정일영,"고용진,김교흥,김병기,김주영,박홍근,양경숙,유동수,장철민,최종윤,한준호,홍익표,황운하"
671,천준호,"김교흥,김진표,문정복,민병덕,박상혁,박홍근,윤후덕,전용기,홍기원"
672,소병철,"고용진,김경만,김병기,김영배,김정호,김주영,김진표,맹성규,박성준,송기헌,오영환,위성곤,윤준병,이수진,이용선,장철민,한준호"
673,박주민,"김용민,김종민,민병덕,박성준,박홍근,윤후덕,이탄희,장경태,최혜영,황운하"
674,이종배,"구자근,김선교,김성원,박완수,성일종,정우택,조명희,조수진,추경호,태영호,홍석준"
675,최종윤,"김용민,오영환,우원식,윤건영,윤준병,정일영,조승래,조오섭,한준호"
676,최종윤,"김용민,김원이,남인순,신동근,윤준병,이인영,인재근,정일영,조오섭,한준호"
677,강병원,"권칠승,김민석,서영석,설훈,양향자,오영환,윤영찬,이수진,최혜영"
678,정우택,"구자근,김병욱,김승수,김영식,박성민,박성중,배준영,송석준,이종배,이주환,최승재"
679,김석기,"구자근,김병욱,김영식,김용판,김정재,박진,송언석,윤재옥,이만희,이용,이종성,이철규,정진석,추경호"
680,서일준,"권명호,김미애,김승수,김용판,박완수,양금희,이명수,이종성,추경호,하영제"
681,이정문,"김원이,김철민,도종환,문진석,박상혁,서영석,신동근,안민석,임호선"
682,이종성,"구자근,김승수,김형동,박대수,박덕흠,성일종,신원식,이명수,전주혜,조명희"
683,정필모,"김경만,민형배,박주민,송옥주,윤영찬,이병훈,이용빈,이원욱,전용기,조승래"
684,정필모,"김경만,민형배,박주민,송옥주,윤영찬,이병훈,이용빈,이원욱,전용기,조승래"
685,정필모,"김경만,민형배,박주민,송옥주,윤영찬,이병훈,이용빈,이원욱,전용기,조승래"
686,정필모,"김경만,민형배,박주민,송옥주,윤영찬,이병훈,이용빈,이원욱,전용기,조승래"
687,정필모,"김경만,민형배,박주민,송옥주,윤영찬,이병훈,이용빈,이원욱,전용기,조승래"
688,이원택,"서삼석,신영대,신정훈,안호영,위성곤,유정주,장경태,주철현,최인호"
689,김용민,"강민정,김남국,김승원,김의겸,민형배,박주민,유정주,이수진,장경태,최강욱"
690,김태년,"고영인,김경협,김교흥,김영배,윤준병,이상헌,이학영,임호선,허영,홍성국,홍정민"
691,이수진,"김용민,김의겸,신정훈,유정주,이동주,이수진,이원택,임오경,장경태,최강욱"
692,최승재,"권명호,김기현,김미애,양금희,이종배,이주환,이철규,정동만,정우택,최춘식,한무경"
693,백혜련,"남인순,박성준,소병훈,송기헌,양경숙,오영환,우상호,이성만,이형석"
694,한준호,"기동민,김병기,김종민,맹성규,소병철,안규백,이상헌,이학영,정일영,정필모,조승래,최종윤,황운하"
695,한준호,"기동민,김남국,김병기,김용민,안규백,용혜인,이상헌,이학영,조승래,최종윤,황운하"
696,조명희,"김성원,김태흠,박대수,박성민,성일종,유경준,이종배,이주환,추경호,홍문표,황보승희"
697,박성민,"김승수,김용판,이상헌,이용,이종배,정동만,정우택,조명희,지성호"
698,박성민,"김병욱,김용판,서정숙,유경준,이종배,전주혜,정동만,조명희,조수진,지성호"
699,김선교,"강기윤,구자근,권명호,김예지,박대수,성일종,윤상현,이종배,이철규"
700,이종성,"구자근,김승수,김형동,박대수,박덕흠,성일종,신원식,이명수,조명희"
701,조경태,"김선교,김용판,박성민,백종헌,이주환,정경희,정동만,조명희,하영제"
702,정청래,"김남국,김승남,김승원,양경숙,양이원영,오영환,오영훈,이상민,임오경,최혜영"
703,정동만,"강민국,박대출,박성민,박진,유경준,이종성,전봉민,조경태,최승재"
704,김민기,"강득구,강선우,김영호,김주영,맹성규,송재호,이동주,이탄희,임종성"
705,서동용,"권인숙,김정호,김철민,도종환,송옥주,안민석,유기홍,이소영,이수진,인재근"
706,김두관,"강병원,김회재,신정훈,용혜인,이탄희,인재근,전용기,전재수,정성호"
707,서동용,"권인숙,김정호,김철민,도종환,송옥주,안민석,유기홍,이소영,인재근"
708,강민정,"강득구,김승원,김용민,김주영,양정숙,용혜인,이수진,천준호,최종윤,허종식"
709,강민정,"강득구,김승원,김용민,김주영,양정숙,용혜인,이수진,천준호,최종윤,허종식"
710,강민정,"강득구,김승원,김용민,김주영,양정숙,용혜인,이수진,천준호,최종윤,허종식"
711,김경만,"강병원,강선우,김두관,송옥주,양기대,이동주,이병훈,정필모,진성준,허종식"
712,김경만,"강병원,강선우,김두관,김정호,송옥주,양기대,이동주,이병훈,진성준,허종식"
713,박홍근,"김민석,김성환,김원이,김주영,용혜인,우원식,윤영덕,정일영,진성준"
714,박홍근,"김민석,김성환,김원이,김주영,우원식,윤영덕,윤준병,이성만,정일영,진성준"
715,유경준,"권명호,김승수,김용판,김웅,김태호,이영,조명희,추경호,태영호,황보승희"
716,유경준,"권명호,김승수,김용판,김웅,김태호,이영,조명희,추경호,태영호,황보승희"
717,유경준,"권명호,김승수,김용판,김웅,용혜인,이영,조명희,추경호,태영호,황보승희"
718,김상희,"남인순,서영석,오영환,윤건영,윤준병,이용우,임종성,임호선,최종윤,홍성국"
719,권인숙,"강득구,김철민,도종환,박성준,서동용,설훈,안민석,유기홍,윤영덕,주철현"
720,송옥주,"강득구,김경만,김용민,맹성규,민병덕,윤관석,윤미향,이원욱,인재근,최종윤"
721,소병철,"김남국,김민기,김병기,박성준,송기헌,오영환,위성곤,장철민,정일영,진성준,한준호"
722,송옥주,"강득구,김경만,김용민,맹성규,민병덕,윤관석,윤미향,이수진,이원욱,최종윤"
723,송옥주,"강득구,김경만,맹성규,민병덕,서동용,윤관석,윤미향,윤후덕,이광재,인재근"
724,권인숙,"강득구,김철민,도종환,박성준,서동용,설훈,안민석,용혜인,유기홍,윤영덕"
725,이종배,"김병욱,김선교,김성원,성일종,윤주경,이채익,조명희,추경호,태영호,홍문표"
726,이용우,"강민정,김두관,김상희,김주영,김진표,민병덕,박주민,박홍근,오기형,이병훈,이수진,전재수,홍성국"
727,김용민,"김영호,문진석,박주민,송옥주,유정주,윤관석,이탄희,최종윤,최혜영,한준호"
728,이종배,"김선교,김승수,박덕흠,박성민,서병수,성일종,정우택,조명희,홍문표"
729,김용판,"김성원,김승수,김영식,김예지,박대수,박덕흠,서일준,유경준,이주환,정운천,조명희,최춘식,최형두,추경호"
730,김용판,"김성원,김승수,김영식,김예지,박대수,박덕흠,서일준,이주환,정운천,조명희,최춘식,최형두,추경호"
731,김용판,"김성원,김승수,김영식,김예지,박덕흠,서일준,유경준,이주환,정운천,조명희,최춘식,최형두,추경호"
732,백혜련,"김상희,김영호,박영순,송재호,오영환,윤건영,이상민,이형석,최종윤"
733,백혜련,"김승남,남인순,박성준,박홍근,송기헌,오영환,우상호,이성만,이형석"
734,김용판,"김승수,김영식,박대수,박덕흠,서일준,유경준,이주환,정운천,조경태,조명희,최형두,추경호"
735,안병길,"강민국,김선교,김태호,박대수,백종헌,서병수,이양수,이종성,전봉민,최춘식"
736,홍문표,"김선교,박덕흠,성일종,엄태영,윤영석,윤재갑,이명수,이종배,정진석,조명희"
737,안병길,"강민국,김선교,김태호,박대수,백종헌,서병수,이양수,이종성,전봉민,최춘식"
738,박홍근,"김성주,김성환,김원이,김주영,우원식,이동주,이형석,전용기,천준호"
739,김철민,"강선우,김수흥,김영배,도종환,민형배,안민석,오영환,이병훈,이정문"
740,김철민,"강선우,김수흥,김영배,김정호,도종환,민형배,오영환,이병훈,이정문"
741,이용우,"강민정,김두관,김상희,김주영,김진표,민병덕,박주민,박홍근,이병훈,이수진,전재수"
742,이주환,"권명호,김기현,김예지,김용판,박대수,서일준,전봉민,정경희,지성호,최승재"
743,오영환,"강준현,김민철,김병기,김홍걸,문정복,박성준,박정,송갑석,이병훈,임오경,장철민"
744,이주환,"권명호,김기현,김예지,김용판,박대수,서일준,전봉민,정경희,지성호,최승재"
745,서영교,"김민철,박재호,신정훈,양기대,오영환,윤재갑,이수진,임호선,장경태,한병도"
746,정우택,"권명호,김영식,김정재,김희곤,배준영,송석준,이종배,조경태,태영호,황보승희"
747,이용우,"강민정,김두관,김상희,김주영,김진표,민병덕,민형배,박주민,박홍근,이병훈,이수진,전재수"
748,주철현,"권인숙,김두관,민형배,서삼석,양정숙,윤재갑,이병훈,이원택,황운하"
749,이병훈,"김남국,김승남,김정호,김철민,박정,신동근,어기구,오영환,오영훈,유정주,윤영덕,이용우"
750,박주민,"강훈식,권인숙,김정호,김철민,박광온,박홍근,서영교,안민석,이재정,최기상"
751,조해진,"강대식,강민국,김병욱,김성원,김영배,박성민,박수영,정점식,추경호,하태경"
752,김영배,"김민철,김승남,김철민,민형배,박광온,유정주,이병훈,이정문,이해식,장경태,홍정민"
753,이탄희,"강병원,김두관,김영배,김용민,양이원영,양향자,이정문,이형석,전혜숙"
754,이재정,"강득구,민병덕,박주민,박찬대,박홍근,오영환,이수진,이탄희,한병도,홍익표"
755,황운하,"김남국,김두관,김병기,신정훈,안호영,오영환,조정훈,한준호,홍정민"
756,김종민,"김영배,김의겸,류호정,박영순,설훈,오영환,윤준병,최강욱,홍익표"
757,서일준,"권명호,김승수,김용판,박완수,양금희,이명수,이종성,추경호,하영제"
758,이종배,"구자근,김선교,김성원,류성걸,박덕흠,성일종,조명희,조수진,추경호"
759,이정문,"김윤덕,김철민,문진석,민형배,박상혁,서영석,안민석,이용빈,이탄희,임호선"
760,이정문,"김병욱,김윤덕,김철민,문진석,민형배,박상혁,서영석,안민석,이성만,이용빈,임호선"
761,강민국,"권은희,박성민,박진,안병길,윤주경,이달곤,이영,정동만,태영호"
762,김교흥,"강선우,김수흥,김정호,김태년,문진석,윤관석,윤영찬,이상헌,이성만"
763,우상호,"김두관,백혜련,양경숙,양향자,이병훈,이형석,장경태,정춘숙,한준호"
764,우상호,"김두관,백혜련,양향자,이병훈,이형석,장경태,정춘숙,최종윤,한준호"
765,윤준병,"김정호,김철민,민형배,양정숙,오영환,윤재갑,이상헌,이수진,장철민"
766,김용판,"김성원,김승수,김예지,박대수,박덕흠,박수영,서일준,유경준,이종성,추경호"
767,변재일,"안규백,위성곤,윤관석,이장섭,임호선,정성호,정태호,한준호,홍성국"
768,조승래,"김정호,김철민,양정숙,양향자,윤영찬,이상헌,이용빈,이원욱,최종윤,한준호"
769,정성호,"김두관,김병욱,김성환,김정호,민형배,박상혁,박성준,박찬대,서동용,양경숙,이소영"
770,성일종,"김은혜,김태흠,박덕흠,이명수,이종배,조명희,최춘식,추경호,홍문표"
771,김교흥,"김수흥,김영주,문진석,박영순,신정훈,유동수,이상헌,이성만,허종식"
772,김두관,"김경만,김남국,양이원영,어기구,이용우,이형석,전혜숙,정성호,황운하"
773,홍석준,"강기윤,김승수,김용판,엄태영,윤창현,조경태,지성호,최춘식,추경호"
774,황운하,"고영인,김경협,김두관,김승원,김용민,민병덕,민형배,양정숙,오영환,윤건영,윤영덕,정성호,주철현,홍정민"
775,이형석,"김두관,문정복,박정,신영대,안규백,이용빈,이탄희,전용기,조승래,주철현"
776,노웅래,"김두관,김승원,김홍걸,류호정,심상정,용혜인,위성곤,이수진,이태규,장철민,조정훈"
777,신정훈,"김경만,김두관,김정호,서영교,송갑석,유정주,윤재갑,이원택,홍정민,황운하"
778,강대식,"김병욱,김선교,김용판,송언석,유경준,이채익,조명희,태영호,허은아"
779,서일준,"권명호,김승수,김용판,박완수,양금희,이명수,이종성,추경호,하영제"
780,우상호,"김남국,김두관,김정호,박영순,백혜련,양향자,이병훈,최종윤,한준호"
781,김두관,"김남국,김병주,김정호,문정복,신정훈,전용기,전재수,정성호,황운하"
782,김병욱,"김경만,김경협,김성환,김윤덕,민병덕,백혜련,서영석,설훈,윤후덕,이용빈,이학영,장경태,한준호,홍정민"
783,조경태,"구자근,김용판,백종헌,서병수,정경희,정동만,조명희,조수진,하영제"
784,오영훈,"김두관,서영교,송재호,양기대,오영환,위성곤,윤영찬,이개호,이병훈,이해식"
785,김용민,"강민정,김승원,민형배,유정주,윤영덕,이수진,이용선,장경태,황운하"
786,조수진,"강민국,김미애,김선교,김영식,박진,배준영,이종배,이종성,지성호,태영호"
787,김영배,"김영주,김철민,김홍걸,노웅래,송재호,유기홍,이상민,이소영,정태호,조승래,한병도"
788,이용우,"강민정,고영인,민병덕,위성곤,윤영덕,이병훈,이수진,전재수,진성준"
789,김정재,"김병욱,김성원,김영식,김용판,박대수,송석준,이용,추경호,한무경"
790,이종배,"김성원,박성민,박진,성일종,송석준,윤주경,이종성,조명희,주호영,추경호,홍문표"
791,송석준,"김병욱,김상훈,김영식,김정재,송언석,이종성,추경호,하영제,황보승희"
792,이상민,"강민정,박영순,송재호,안규백,안민석,용혜인,이장섭,장철민,조승래"
793,이상헌,"김교흥,송재호,안민석,양이원영,양정숙,유정주,이동주,이병훈,한병도"
794,김용민,"강민정,김승원,김의겸,민형배,양이원영,윤영덕,이수진,장경태,장철민,최혜영,홍정민"
795,이병훈,"김영배,김철민,박정,신동근,양향자,어기구,오영훈,유정주,윤영덕,이상헌,이용우,전재수,홍성국"
796,송갑석,"김경만,김주영,김태년,김회재,민형배,박광온,신정훈,양향자,윤영덕,윤후덕,이동주,이병훈,이성만,이용빈,이원욱,이장섭,이형석,인재근,전용기,조오섭,허영"
797,송갑석,"김경만,김주영,김태년,김회재,민형배,박광온,신정훈,양향자,윤영덕,윤후덕,이동주,이병훈,이성만,이용빈,이원욱,이장섭,이형석,인재근,전용기,조오섭,허영"
798,이병훈,"김영배,김철민,박정,신동근,어기구,오영훈,유정주,이상헌,이용우,전재수,홍성국"
799,이병훈,"김영배,김철민,박정,신동근,어기구,오영훈,유정주,이상헌,이용우,전재수,홍성국"
800,김용민,"강민정,김두관,김승원,문정복,박영순,유정주,윤영덕,이수진,장경태"
801,김용민,"강민정,김두관,김승원,문정복,박영순,유정주,윤영덕,이수진,장경태"
802,이병훈,"김철민,박정,신동근,양향자,어기구,유정주,이상헌,이용우,전재수"
803,이병훈,"김철민,박정,신동근,양향자,어기구,오영훈,유정주,이상헌,이용우,전재수"
804,박정,"김승원,어기구,오영환,유동수,유정주,이병훈,이상헌,임오경,전용기"
805,김승수,"김병욱,김예지,백종헌,유경준,이명수,이채익,임이자,정운천,하영제"
806,이철규,"구자근,권명호,김용판,김정재,양금희,윤영석,윤창현,이주환,이채익,한무경"
807,임호선,"강기윤,고영인,권은희,김남국,김성주,김수흥,김승남,김원이,김윤덕,김주영,김철민,민형배,민홍철,박성준,박영순,박재호,서동용,서삼석,소병철,송갑석,신영대,신정훈,안호영,오영환,오영훈,위성곤,윤영덕,윤재갑,윤준병,이개호,이용빈,이용호,이원택,임종성,정운천,조오섭,주철현,진선미,황운하"
808,송석준,"구자근,김기현,김미애,김선교,김예지,김정재,박성민,서범수,서일준,엄태영,이종배,조경태,최춘식,추경호,태영호,황보승희"
809,이종배,"김선교,김성원,박대수,박성중,성일종,이채익,조명희,추경호,태영호"
810,민형배,"김영배,김의겸,박상혁,박성준,윤영덕,이수진,이정문,장경태,홍성국,홍정민"
811,민형배,"김영배,김의겸,박상혁,박성준,윤미향,이수진,이정문,홍성국,홍정민"
812,민형배,"김영배,김의겸,박상혁,박성준,윤미향,윤영덕,이수진,이정문,장경태,홍성국,홍정민"
813,이장섭,"송재호,신정훈,양경숙,양정숙,윤영찬,이학영,정태호,최혜영,홍성국"
814,이장섭,"신정훈,양경숙,양정숙,윤영찬,이상민,이학영,정태호,최혜영,홍성국"
815,이장섭,"송재호,신정훈,양경숙,양정숙,윤영찬,이학영,정태호,최혜영,홍성국"
816,한병도,"고용진,김승원,김주영,배진교,어기구,오영환,이수진,이용빈,이은주,이재정,임호선"
817,김영배,"김성환,김원이,김종민,백혜련,신동근,오기형,윤호중,이수진,이용우,이정문,이탄희,정춘숙,정필모,최기상,허종식"
818,김정재,"권명호,김병욱,김석기,김형동,박대수,박형수,서범수,송언석,이용,임이자,한무경,홍석준"
819,김선교,"권명호,권성동,김예지,성일종,송석준,윤상현,이종배,이철규,추경호"
820,이은주,"강민정,강은미,김용판,김홍걸,류호정,박완수,배진교,서범수,심상정,이영,장혜영,조해진"
821,서범수,"구자근,권명호,권성동,김기현,김희곤,박성민,송석준,이채익,전봉민,추경호,황보승희"
822,서범수,"구자근,권명호,권성동,김기현,김희곤,박성민,송석준,이채익,전봉민,추경호,황보승희"
823,서동용,"권인숙,김승남,김정호,김철민,도종환,서삼석,안민석,유기홍,인재근,최인호"
824,서동용,"권인숙,김승남,김정호,김철민,도종환,서삼석,안민석,유기홍,인재근,최인호"
825,서일준,"권명호,김미애,김승수,김용판,박완수,양금희,이명수,이종성,추경호,하영제"
826,서범수,"구자근,권명호,권성동,김기현,김희곤,박성민,송석준,이채익,전봉민,추경호,황보승희"
827,서동용,"권인숙,김승남,김정호,김철민,도종환,서삼석,안민석,유기홍,윤재갑,인재근,최인호"
828,서일준,"권명호,김미애,김승수,김용판,박완수,양금희,이종성,추경호,하영제"
829,정희용,"김병욱,김성원,김용판,배현진,양금희,조명희,지성호,최춘식,추경호,한무경,허은아"
830,장혜영,"강민정,강은미,류호정,배진교,심상정,윤미향,이수진,이은주,이탄희"
831,이영,"김도읍,김영식,송언석,양금희,이채익,조명희,최춘식,추경호,태영호"
832,김희국,"권명호,김석기,박상혁,배준영,이헌승,지성호,추경호,하영제,홍문표"
833,이종배,"김병욱,박대수,박완수,성일종,윤주경,조명희,조수진,추경호,하태경"
834,윤영덕,"강득구,민형배,송갑석,안민석,양정숙,양향자,위성곤,유정주,이동주,주철현"
835,윤영덕,"강득구,권인숙,민형배,송갑석,안민석,양정숙,양향자,위성곤,유정주,이동주,주철현"
836,윤영덕,"강득구,권인숙,민형배,송갑석,안민석,양정숙,양향자,위성곤,유정주,이동주,주철현"
837,김정호,"김병욱,박상혁,서동용,어기구,윤후덕,임종성,전재수,정춘숙,허종식"
838,김정호,"김병욱,박상혁,서동용,어기구,윤후덕,임종성,전재수,정성호,정춘숙,허종식"
839,김정호,"김병욱,박상혁,서동용,소병철,어기구,윤후덕,임종성,전재수,정성호,정춘숙,허종식"
840,김정호,"김병욱,박상혁,서동용,소병철,어기구,윤후덕,임종성,전재수,정성호,정춘숙,허종식"
841,박완수,"김성원,김용판,배준영,서범수,서일준,이명수,이종배,최춘식,최형두"
842,박완수,"김성원,김예지,김용판,배준영,서범수,서일준,이명수,이종배,최춘식,최형두"
843,박완수,"김성원,김예지,김용판,배준영,서일준,이명수,이종배,최춘식,최형두"
844,박완수,"김성원,김예지,김용판,배준영,서일준,이명수,이종배,최춘식,최형두"
845,윤주경,"강민국,권은희,김기현,김미애,김예지,박수영,배현진,송언석,윤창현,이종배,태영호"
846,윤주경,"강민국,권은희,김기현,김미애,김예지,박수영,배현진,송언석,윤창현,이용호,이종배,태영호"
847,김예지,"권은희,김선교,김승수,박수영,윤미향,윤주경,지성호,최연숙,최혜영,추경호"
848,김예지,"권은희,김선교,김승수,박수영,용혜인,윤미향,윤주경,이용선,최연숙,최혜영,추경호"
849,김종민,"기동민,김두관,김의겸,설훈,송재호,양경숙,이수진,전용기,최강욱"
850,김승남,"김정호,박영순,송갑석,신정훈,양정숙,위성곤,윤재갑,이개호,이수진,이원택,주철현,최인호"
851,김두관,"고영인,김병주,김용민,이용빈,이탄희,전용기,전재수,전혜숙,정성호"
852,고영인,"김두관,김민석,김철민,김회재,소병훈,양정숙,위성곤,이병훈,이원욱,전용기,최강욱,황운하"
853,설훈,"김병주,김철민,김홍걸,박정,양경숙,양기대,오영환,유기홍,이원욱,정태호,홍정민"
854,김용판,"구자근,김성원,김예지,박대수,박덕흠,박수영,박완수,서일준,유경준,최춘식,추경호"
855,김용판,"구자근,김성원,김예지,박대수,박덕흠,박수영,박완수,서일준,유경준,최춘식,추경호"
856,최기상,"기동민,김수흥,김승원,김영배,김영주,김용민,민형배,민홍철,박상혁,소병철,신정훈,양이원영,윤건영,윤영덕,임호선,황운하"
857,양경숙,"고용진,김정호,맹성규,박성준,안민석,위성곤,이동주,이수진,전재수"
858,추경호,"구자근,김도읍,김미애,김병욱,김상훈,김석기,김용판,김웅,박덕흠,서일준,성일종,송언석,윤창현,이명수,이용호,조명희,태영호"
859,추경호,"구자근,김도읍,김병욱,김상훈,김석기,김승수,김용판,김웅,박덕흠,서일준,성일종,윤창현,이명수,이용호,조명희,태영호"
860,김영배,"김진표,박정,소병철,오영환,유정주,윤후덕,이수진,이수진,이원욱,이장섭,정성호,한병도"
861,배준영,"김예지,김희국,류성걸,박완수,백종헌,양금희,조명희,조수진,최춘식,태영호"
862,유경준,"강대식,권명호,김승수,김용판,김은혜,박진,배현진,이채익,정동만,정점식,조명희,추경호,태영호"
863,유경준,"강대식,권명호,김승수,김용판,김은혜,박진,배현진,이채익,정동만,정점식,조명희,추경호,태영호"
864,최종윤,"강병원,김원이,서영석,신동근,안민석,윤준병,이병훈,이인영,인재근"
865,최종윤,"강병원,김원이,서영석,신동근,안민석,윤준병,이병훈,이인영,인재근"
866,이종배,"김선교,김성원,박수영,박완수,윤주경,이채익,조명희,조수진,추경호,홍문표"
867,임호선,"김민석,백혜련,서삼석,양경숙,오영환,이형석,전용기,한병도,허종식,황운하"
868,김은혜,"강기윤,구자근,김기현,김용판,김태호,김희곤,성일종,엄태영,유경준,이용호,이헌승,정운천,지성호,최춘식,최형두"
869,유정주,"강민정,강준현,고민정,김영배,박정,박홍근,양이원영,윤영덕,이병훈,이상헌,이수진,임오경,장경태,장철민,최강욱,한병도"
870,박재호,"김정호,민홍철,백혜련,오영환,이해식,이형석,전재수,정춘숙,최인호,허영"
871,한병도,"강민정,고용진,김승원,김태년,박홍근,양정숙,어기구,오영환,이용빈,이재정"
872,윤재갑,"문진석,서삼석,서영교,설훈,신정훈,위성곤,이성만,주철현,홍문표"
873,강준현,"강병원,고영인,김병주,김회재,문정복,송옥주,이장섭,임종성,임호선,홍성국"
874,강준현,"고영인,김병주,김회재,문정복,송옥주,이장섭,임종성,임호선,홍성국"
875,송재호,"김정호,민형배,오영훈,위성곤,윤준병,이상헌,이장섭,이형석,천준호"
876,소병철,"김영배,김정호,박성준,안호영,오영환,위성곤,윤재갑,이광재,이수진,이수진,임호선,장철민,정성호,한병도"
877,이용우,"강민정,김병주,김의겸,김주영,박용진,윤건영,이병훈,정일영,정필모,주철현,홍기원,홍성국,홍정민,황운하"
878,김상희,"김정호,박영순,박홍근,배진교,송기헌,오영환,윤관석,이수진,정춘숙,최기상,최연숙"
879,소병철,"김영배,김정호,박성준,안호영,오영환,위성곤,윤재갑,이광재,이수진,이수진,임호선,장철민,정성호,한병도"
880,오영환,"김남국,김병기,김홍걸,문정복,민병덕,박성준,박정,송영길,양향자,윤관석,이병훈,이재정,임오경,임호선"
881,위성곤,"강민정,소병철,신영대,양정숙,윤재갑,이개호,이원택,주철현,허영"
882,송재호,"민형배,양정숙,위성곤,이광재,이수진,이형석,조오섭,천준호,한준호"
883,김도읍,"구자근,권명호,김병욱,김태흠,이헌승,전봉민,정운천,조명희,추경호"
884,이병훈,"김두관,김영배,김철민,문정복,박영순,박정,양향자,오영환,유정주,최종윤"
885,김도읍,"구자근,권명호,김병욱,김태흠,이헌승,전봉민,정운천,조명희,추경호"
886,김도읍,"구자근,권명호,김병욱,김태흠,이헌승,전봉민,정운천,조명희,추경호"
887,구자근,"권명호,김도읍,김석기,김선교,김용판,김희곤,박성민,배준영,서병수"
888,조해진,"강대식,강민국,구자근,김병욱,김성원,박진,이만희,이철규,추경호"
889,구자근,"김도읍,김예지,김태흠,박성민,배준영,서병수,임이자,장제원,추경호"
890,윤미향,"강민정,강은미,김의겸,김주영,남인순,민형배,송옥주,안호영,양정숙,이수진,정청래"
891,윤미향,"강은미,김의겸,김주영,남인순,민형배,송옥주,안호영,양정숙,이수진,장철민,정청래"
892,윤미향,"강민정,강은미,김의겸,김주영,민형배,송옥주,안호영,양정숙,이수진,장철민,정청래"
893,이종배,"김병욱,김선교,김성원,성일종,윤주경,이채익,조명희,추경호,태영호,홍문표"
894,조명희,"권영세,김병욱,김석기,김예지,김용판,김철민,김형동,박대수,박대출,박덕흠,박성민,박진,이주환,정경희,정점식,정진석,조경태,추경호,하영제,한기호,황보승희"
895,진성준,"강병원,김병욱,박상혁,박홍근,송갑석,우원식,이동주,전혜숙,조오섭,주철현"
896,김영배,"김병기,민형배,박광온,설훈,유정주,이병훈,이장섭,한병도,홍익표"
897,조명희,"김석기,김성원,박대수,성일종,양향자,이주환,조경태,추경호,홍문표"
898,민형배,"김영배,김의겸,김철민,문진석,박성준,소병훈,송재호,윤미향,윤준병,이정문,임종성,정필모"
899,민형배,"김승원,김영배,김철민,박성준,소병훈,송재호,유정주,윤미향,윤준병,임종성"
900,박정,"김승원,서삼석,송옥주,양기대,오영환,유정주,이병훈,이성만,조승래"
901,민형배,"김영배,김의겸,김철민,문진석,박성준,소병훈,송재호,윤미향,윤준병,이정문,임종성,정필모"
902,민형배,"김영배,김의겸,김철민,문진석,박성준,소병훈,송재호,윤미향,윤준병,이정문,임종성,정필모"
903,어기구,"김정호,김주영,박상혁,박정,송갑석,윤준병,이병훈,허종식,홍영표"
904,홍익표,"강병원,김민기,문진석,안호영,윤영찬,이원욱,이재정,이학영,이형석,정태호,홍성국"
905,윤재갑,"문진석,설훈,신정훈,위성곤,이개호,이학영,전용기,조경태,홍문표"
906,이학영,"김경만,신정훈,우원식,윤재갑,이동주,이장섭,이해식,한준호,홍익표"
907,이학영,"김경만,김민철,신정훈,우원식,윤재갑,이동주,이장섭,한준호,홍익표"
908,배준영,"구자근,김예지,박완수,안병길,전주혜,조명희,조수진,최춘식,태영호"
909,강병원,"김민석,김정호,서영석,양향자,윤영찬,이수진,이수진,임종성,최혜영"
910,박주민,"남인순,류호정,박성준,윤관석,이탄희,천준호,최강욱,최혜영,황운하"
911,이학영,"김경만,신정훈,우원식,윤재갑,이동주,이장섭,이해식,한준호,홍익표"
912,고민정,"김민석,김성주,남인순,박정,서영석,오영환,유정주,이탄희,장철민,조오섭,최종윤,한병도,허종식"
913,어기구,"김정호,김주영,박상혁,박정,송갑석,윤준병,이병훈,허종식,홍영표"
914,배준영,"구자근,김예지,박완수,양금희,이용,조명희,조수진,지성호,최춘식,태영호"
915,박진,"구자근,권명호,권성동,김도읍,김석기,김선교,김영식,김정재,박완수,배준영,서정숙,성일종,신원식,엄태영,유경준,유상범,윤상현,이명수,이양수,이주환,이채익,전주혜,정경희,정운천,정진석,조명희,조태용,조해진,지성호,최춘식,최형두,추경호,태영호,하영제,한기호,한무경,허은아,홍문표,황보승희"
916,김원이,"기동민,박상혁,박재호,서영석,신정훈,우원식,이해식,최종윤,최혜영,홍성국"
917,김주영,"고용진,김수흥,박정,어기구,오영환,위성곤,윤재갑,윤후덕,이병훈,이원욱"
918,정태호,"김경만,박성준,신영대,이동주,임호선,전재수,정일영,천준호,허영,홍성국"
919,김원이,"기동민,박상혁,박재호,서영석,신정훈,우원식,이해식,최종윤,최혜영,홍성국"
920,김원이,"강준현,기동민,박상혁,박재호,박홍근,서영석,신정훈,우원식,이해식,조오섭,최종윤,최혜영,홍성국"
921,맹성규,"강득구,권인숙,김민기,김영호,김정호,김한정,소병철,송옥주,신정훈,안규백,양이원영,위성곤,한준호"
922,태영호,"강기윤,구자근,권명호,김병욱,김희곤,박수영,배준영,서일준,이종배,이주환,조경태"
923,이헌승,"김승수,김은혜,김태흠,박덕흠,박성민,서병수,유의동,이양수,이주환,이채익,전봉민,조명희,황보승희"
924,이헌승,"김승수,김은혜,김태흠,박덕흠,박성민,서병수,안병길,유의동,이양수,이주환,전봉민,하영제,황보승희"
925,강선우,"김병기,박홍근,변재일,신동근,오영환,윤준병,이학영,임종성,최종윤,허영,홍성국"
926,권칠승,"강병원,강준현,김민석,김병기,박정,이수진,임종성,임호선,최인호"
927,천준호,"고민정,김정호,김진표,문정복,박정,송재호,오영환,한준호,허영"
928,서일준,"구자근,권명호,김기현,김병욱,김석기,김승수,이종성,조명희,지성호,추경호,하영제"
929,서일준,"구자근,권명호,김기현,김병욱,김석기,김승수,이종성,조명희,지성호,추경호,하영제"
930,김영배,"강민정,강준현,고민정,김경협,김민석,김성환,김승남,김승원,김원이,김정호,김철민,김태년,박광온,박성준,박완주,박재호,박주민,서삼석,서영교,서영석,설훈,송갑석,송기헌,송영길,신영대,신정훈,신현영,어기구,오영환,우원식,위성곤,유정주,윤관석,윤영덕,윤호중,이용선,이원택,이정문,이탄희,이학영,임호선,장경태,장철민,전재수,정춘숙,정필모,조오섭,최혜영,한병도,한준호,홍정민"
931,조해진,"강대식,강민국,김기현,김병욱,김성원,김태호,박진,이철규,정점식,최형두"
932,태영호,"김석기,김승수,김영식,김정재,박완수,박진,이종배,조경태,한무경"
933,최종윤,"남인순,서영석,송옥주,양경숙,오영환,유정주,윤건영,조승래,허종식"
934,이용호,"강기윤,박대수,윤주경,이종성,이채익,정운천,최승재,최연숙,추경호,태영호"
935,서영석,"강병원,강선우,김수흥,남인순,문진석,오영환,이용빈,이정문,조승래,최종윤,허종식"
936,서영석,"강선우,김민철,김성주,김수흥,남인순,문진석,오영환,이용빈,조승래,허종식"
937,서영석,"강병원,강선우,김수흥,김홍걸,문진석,오영환,이용빈,이정문,조승래,최종윤,허종식"
938,최종윤,"강선우,김상희,민병덕,서영석,송옥주,안규백,양경숙,오영환,유정주,윤건영,윤준병,조승래,허종식,홍성국"
939,서영석,"강선우,김수흥,남인순,문진석,오영환,이용빈,이정문,조승래,허종식"
940,허영,"강선우,김교흥,김윤덕,박상혁,소병훈,오영환,이상헌,정태호,천준호"
941,정청래,"강득구,김남국,김승원,박성준,신정훈,양이원영,오영환,오영훈,윤영덕,이병훈,이수진,임오경,장경태,전용기,홍익표"
942,김철민,"도종환,민형배,박찬대,안민석,오영환,유기홍,윤준병,이병훈,이수진,이원욱,이정문"
943,조승래,"김병기,김홍걸,노웅래,양정숙,양향자,이상헌,이용빈,장철민,한준호,홍문표"
944,송재호,"김영배,민형배,오영훈,위성곤,윤준병,이상헌,이형석,최종윤,홍성국"
945,윤준병,"김정호,김주영,김철민,민형배,양정숙,오영환,윤재갑,이용우,최종윤"
946,조명희,"김석기,김태흠,박성중,배준영,서일준,성일종,엄태영,이종배,이주환,조경태,하영제,홍문표"
947,김민석,"강득구,강준현,권칠승,김정호,박성준,유정주,이광재,임호선,최혜영,한병도"
948,정필모,"김경만,김홍걸,김회재,맹성규,민형배,윤영찬,이용빈,이형석,조승래,한준호"
949,조명희,"김석기,김태흠,박성중,배준영,서일준,성일종,엄태영,이종배,이주환,하영제,홍문표"
950,이병훈,"김경만,노웅래,박광온,박영순,박정,신영대,어기구,오영환,이용우,임오경"
951,이원욱,"강득구,김주영,김철민,변재일,양정숙,양향자,이수진,이용빈,이정문,조승래,홍정민"
952,이원욱,"강득구,김주영,김철민,변재일,양정숙,양향자,이수진,이용빈,이정문,조승래,홍정민"
953,유동수,"김교흥,박완주,박정,배준영,이상헌,인재근,전혜숙,정태호,허종식"
954,박정,"김승원,민병덕,송옥주,어기구,오영환,유정주,윤후덕,이병훈,이상헌"
955,박정,"김승원,김정호,민병덕,송옥주,어기구,오영환,유정주,윤후덕,이병훈,이상헌"
956,박정,"김승원,김정호,민병덕,송옥주,어기구,오영환,유정주,윤후덕,이병훈,이상헌"
957,송옥주,"김승남,맹성규,박정,안호영,우원식,윤미향,이성만,이원욱,인재근,임종성,장철민,최종윤"
958,박정,"김승원,김예지,도종환,박성준,어기구,오영환,유정주,이병훈,이상헌"
959,정희용,"김병욱,김석기,김승수,김용판,김희곤,서일준,양금희,이주환,이채익,전주혜,조명희,지성호,최춘식,추경호,태영호,한무경"
960,송옥주,"김영주,맹성규,박정,안호영,우원식,윤미향,이수진,인재근,장철민"
961,장경태,"강민정,강훈식,권인숙,김승원,김용민,민형배,유정주,윤영덕,이수진,이수진,이용빈,이탄희,전용기,최혜영,한준호,황운하"
962,송옥주,"맹성규,박정,안호영,우원식,이성만,이원욱,인재근,장철민,최종윤"
963,고용진,"김경만,김수흥,김승원,김정호,김진표,박성준,박홍근,양경숙,윤후덕,이개호,이원욱,전재수,정성호,정일영,한병도"
964,송옥주,"김회재,맹성규,박정,안호영,우원식,윤미향,이성만,이원욱,인재근,임종성,장철민,최종윤"
965,이수진,"김상희,김정호,오영환,오영훈,용혜인,윤미향,장경태,장혜영,정춘숙,최혜영"
966,이종배,"구자근,김선교,김성원,박완수,성일종,주호영,추경호,태영호,홍문표"
967,박완수,"김성원,김용판,김정재,박진,배준영,서범수,이종배,최춘식,최형두"
968,김홍걸,"강선우,민형배,송기헌,양정숙,오영환,우원식,유정주,이정문,이학영,장혜영,조승래"
969,이헌승,"김석기,김정재,박성중,서병수,송언석,윤두현,이양수,이용,이종배,조명희,주호영,홍문표"
970,박완수,"김성원,김용판,김정재,박진,배준영,서범수,이종배,최춘식,최형두"
971,박완수,"김성원,김용판,김정재,박진,배준영,서범수,이종배,최춘식,최형두"
972,김승원,"강민정,고용진,김용민,도종환,민형배,박정,서삼석,양이원영,유정주,이병훈,최강욱,한병도"
973,오영환,"고민정,김민철,김병기,김병욱,김병주,김승남,김주영,김홍걸,문정복,민병덕,박성준,박영순,박재호,박정,박홍근,서영석,소병철,송갑석,안호영,우원식,윤건영,윤준병,이병훈,이원택,임오경,임호선,장경태,장철민,전용기,최종윤,허영,홍정민,황운하"
974,오영환,"고민정,김민철,김병기,김병욱,김병주,김승남,김주영,김홍걸,문정복,민병덕,박성준,박영순,박재호,박정,박홍근,서영석,소병철,송갑석,안호영,우원식,윤건영,윤준병,이병훈,이원택,임오경,임호선,장경태,장철민,전용기,최종윤,허영,홍정민,황운하"
975,오영환,"고민정,김민철,김병기,김병욱,김병주,김승남,김주영,김홍걸,문정복,민병덕,박성준,박영순,박재호,박정,박홍근,서영석,소병철,송갑석,안호영,우원식,윤건영,윤준병,이병훈,이원택,임오경,임호선,장경태,장철민,전용기,최종윤,허영,홍정민,황운하"
976,김승원,"고용진,김용민,도종환,민형배,양이원영,유정주,이병훈,최강욱,한병도,홍정민"
977,오영환,"고민정,김민철,김병기,김병욱,김병주,김승남,김주영,김홍걸,문정복,민병덕,박성준,박영순,박재호,박정,박홍근,서영석,소병철,송갑석,안호영,우원식,윤건영,윤준병,이병훈,이원택,임오경,임호선,장경태,장철민,전용기,최종윤,허영,홍정민,황운하"
978,이헌승,"김석기,김정재,박성중,서병수,윤두현,이양수,이용,이종배,조명희,주호영,홍문표"
979,조해진,"강민정,권인숙,김병욱,김예지,김철민,박찬대,서동용,안민석,유기홍,이종성,이탄희,천준호"
980,김승원,"김용민,도종환,민형배,박정,서삼석,양이원영,유정주,최강욱,한병도,홍정민"
981,김승원,"강민정,김용민,도종환,민형배,서삼석,양이원영,유정주,이병훈,천준호,최강욱,한병도,홍정민"
982,김승원,"강민정,고용진,김용민,도종환,민형배,박정,서삼석,양이원영,유정주,이병훈,천준호,최강욱,한병도,홍정민"
983,오영환,"고민정,김민철,김병기,김병욱,김병주,김승남,김주영,김홍걸,문정복,민병덕,박성준,박영순,박재호,박정,박홍근,서영석,소병철,송갑석,안호영,우원식,윤건영,윤준병,이병훈,이원택,임오경,임호선,장경태,장철민,전용기,최종윤,허영,홍정민,황운하"
984,임이자,"권명호,김석기,김선교,김승수,박대수,서병수,엄태영,하영제,한무경"
985,오영환,"고민정,김민철,김병기,김병욱,김병주,김승남,김주영,김홍걸,문정복,민병덕,박성준,박영순,박재호,박정,박홍근,서영석,소병철,송갑석,안호영,우원식,윤건영,윤준병,이병훈,이원택,임오경,임호선,장경태,장철민,전용기,최종윤,허영,홍정민,황운하"
986,양금희,"권은희,김상훈,김형동,서병수,서일준,윤창현,이영,이채익,임이자,전봉민,조명희,지성호,태영호"
987,태영호,"강기윤,권명호,김영식,김정재,배준영,송언석,이종배,이주환,이채익,조명희"
988,홍문표,"김희국,박덕흠,성일종,윤재갑,이명수,이종배,정운천,정진석,조명희"
989,김용민,"김교흥,김남국,김영호,김진표,김홍걸,박주민,윤미향,이용빈,장경태"
990,조수진,"강대식,김병욱,김선교,김성원,김태흠,배준영,이종배,이채익,정경희,정점식,조명희,태영호"
991,홍석준,"구자근,김석기,김성원,김예지,김은혜,김정재,송언석,윤창현,조명희,추경호"
992,이병훈,"김남국,김두관,김영호,김철민,박정,신영대,양향자,오영환,유정주,홍성국"
993,홍석준,"구자근,김석기,김성원,김예지,김은혜,김정재,류성걸,송언석,윤창현,조명희,추경호"
994,윤건영,"고민정,김남국,김영호,김회재,문정복,오영환,윤영찬,최인호,최종윤,한병도"
995,이수진,"강병원,김영배,김종민,김철민,문진석,박재호,양정숙,이동주,이용우,이원욱,이형석,임오경,최강욱,홍성국"
996,이수진,"강병원,김영배,김종민,김철민,문진석,박재호,양정숙,이동주,이용우,이원욱,이형석,임오경,최강욱,홍성국"
997,이수진,"강병원,김영배,김종민,김철민,문진석,박재호,양정숙,이동주,이용우,이원욱,이형석,임오경,최강욱,홍성국"
998,송언석,"권명호,권영세,김병욱,김상훈,김용판,김은혜,김정재,김희곤,박덕흠,양금희,이영,이용호"
999,민형배,"김홍걸,박상혁,박영순,신영대,양향자,윤미향,이수진,주철현,홍정민"
1000,민형배,"김홍걸,박상혁,박영순,신영대,양향자,윤미향,이수진,주철현,홍정민"
1001,민형배,"김영배,김홍걸,김회재,박상혁,신영대,양향자,윤미향,이수진,주철현"
1002,이용호,"김은혜,서일준,성일종,이양수,이철규,조수진,조태용,추경호,하태경"
1003,유정주,"김승원,김용민,민형배,윤영덕,이탄희,장경태,전용기,한준호,황운하"
1004,이용호,"김은혜,서일준,성일종,이양수,이철규,조수진,조태용,추경호,하태경"
1005,이용호,"김은혜,서일준,성일종,이양수,이철규,조수진,조태용,추경호,하태경"
1006,김성주,"김수흥,김승남,김윤덕,김종민,신영대,안호영,윤준병,이원택,한병도"
1007,김선교,"구자근,김예지,김형동,박대수,성일종,임이자,조경태,조명희,조수진"
1008,김석기,"구자근,김예지,서일준,성일종,조명희,지성호,추경호,태영호,한기호"
1009,이탄희,"고영인,김승원,김홍걸,민병덕,민형배,양이원영,오영환,윤건영,윤영덕,이수진,이재정,장경태,최강욱,황운하"
1010,태영호,"강대식,김영식,김희곤,박성민,배현진,조경태,한무경,허은아,황보승희"
1011,김승원,"김용민,민형배,유정주,윤영덕,이탄희,장경태,전용기,한준호,황운하"
1012,이종배,"김은혜,박진,서병수,성일종,주호영,추경호,태영호,하태경,홍문표"
1013,박주민,"강민정,김민석,김영호,김의겸,류호정,박성준,양정숙,오영환,윤준병,이탄희,최강욱,황운하"
1014,김미애,"김기현,김석기,김용판,박대수,박덕흠,성일종,이종성,조명희,지성호,추경호"
1015,민형배,"김승원,김영배,김용민,오영환,유정주,윤영덕,이탄희,장경태,전용기,한준호,황운하"
1016,정점식,"강대식,구자근,권명호,김석기,김희곤,송언석,양금희,유경준,전봉민,황보승희"
1017,정점식,"강대식,구자근,권명호,김석기,양금희,유경준,전봉민,조수진,황보승희"
1018,정점식,"강대식,구자근,권명호,김석기,양금희,유경준,전봉민,조수진,황보승희"
1019,김영배,"김영호,김철민,민형배,박광온,설훈,소병철,오영환,유정주,이광재,이수진,이장섭"
1020,송기헌,"김경만,김민석,김영주,김진표,박성준,박영순,소병철,신정훈,오영환,윤건영,정필모"
1021,송기헌,"김경만,김민석,김영주,김영호,김진표,박성준,박영순,신정훈,오영환,윤건영,정필모"
1022,신영대,"박용진,소병훈,송갑석,송재호,양정숙,위성곤,이병훈,임종성,정태호"
1023,황운하,"강민정,김승원,김용민,민형배,오영환,유정주,윤영덕,장경태,전용기,한준호"
1024,신영대,"박용진,소병훈,송갑석,송재호,양정숙,위성곤,이병훈,임종성,정태호"
1025,홍정민,"노웅래,민형배,안규백,오영환,유정주,이용빈,이원택,전용기,한준호"
1026,신영대,"박용진,소병훈,송갑석,송재호,양정숙,위성곤,이병훈,임종성,정태호"
1027,신영대,"박용진,소병훈,송갑석,송재호,양정숙,위성곤,이병훈,임종성,정태호"
1028,전용기,"김승원,김용민,민형배,오영환,유정주,윤영덕,장경태,한준호,황운하"
1029,정청래,"김남국,김승남,김용민,박영순,양경숙,오영환,오영훈,윤건영,이상민"
1030,신영대,"박용진,소병훈,송갑석,송재호,양정숙,위성곤,이병훈,임종성,정태호"
1031,정청래,"김남국,김승남,김의겸,양경숙,양이원영,오영환,윤건영,이상민,최혜영"
1032,신영대,"박용진,소병훈,송갑석,송재호,양정숙,위성곤,이병훈,임종성,정태호"
1033,신영대,"박용진,소병훈,송갑석,송재호,양정숙,위성곤,이병훈,임종성,정태호"
1034,김홍걸,"민형배,양정숙,오영환,용혜인,우원식,이용빈,이은주,이정문,이학영"
1035,윤영덕,"김승원,김용민,민형배,송갑석,위성곤,유정주,장경태,전용기,한준호,황운하"
1036,안규백,"김병주,김수흥,김정호,김진표,민병덕,서영교,양기대,이형석,홍정민"
1037,장경태,"김승원,김용민,민형배,오영환,유정주,윤영덕,최혜영,한준호,황운하"
1038,한준호,"김병기,김병주,김진표,박성준,소병철,오영환,이상헌,이용빈,이용우,이탄희,임오경,조승래,최인호,홍정민"
1039,위성곤,"김승남,소병철,신영대,양정숙,윤영덕,윤재갑,이개호,이원택,주철현"
1040,홍석준,"구자근,김성원,김승수,김정재,김태호,윤창현,이용,이종배,조명희,지성호,추경호"
1041,이해식,"김원이,노웅래,서영교,서영석,소병훈,오영환,윤준병,이수진,이학영"
1042,이해식,"김원이,노웅래,서영교,서영석,오영환,용혜인,윤준병,이수진,이학영"
1043,박완주,"김민철,백혜련,서영교,양기대,양정숙,오영환,오영훈,이해식,이형석,한병도"
1044,최강욱,"강민정,김의겸,김종민,김홍걸,박주민,오영환,윤영덕,이수진,장철민"
1045,김회재,"강득구,김영주,김진표,민형배,박영순,양이원영,윤건영,정일영,정태호"
1046,이원욱,"강득구,고용진,김주영,김철민,백혜련,소병철,양정숙,양향자,장경태,전용기,조승래,홍익표"
1047,백혜련,"김병기,김영호,김회재,박영순,오영환,윤관석,이동주,이형석,천준호"
1048,이영,"김기현,김영식,김예지,김정재,송언석,유의동,조명희,최춘식,추경호,태영호"
1049,이용호,"구자근,김승수,서정숙,송언석,이용,이종성,정운천,조수진,추경호,태영호,허은아"
1050,박주민,"김용민,박성준,서영석,이소영,이용우,장경태,정필모,최강욱,최기상"
1051,도종환,"고민정,김승원,김철민,문진석,신동근,안민석,오영환,이병훈,이탄희"
1052,도종환,"고민정,김승원,김철민,문진석,신동근,안민석,오영환,이병훈,이탄희"
1053,이탄희,"강민정,김두관,도종환,오영환,이성만,이정문,장경태,전혜숙,최기상"
1054,강민정,"강득구,도종환,서동용,양이원영,양정숙,유정주,윤영덕,이탄희,장경태,최강욱"
1055,조명희,"김도읍,김석기,박대수,박성민,성일종,안병길,양향자,이주환,조경태,태영호,홍문표,황보승희"
1056,송갑석,"서삼석,신영대,양정숙,오영환,윤영덕,이개호,이동주,이용빈,전용기,조오섭"
1057,이용빈,"강훈식,고영인,김민기,김성주,김홍걸,서영교,송갑석,윤영찬,윤준병,이광재,이정문,장경태,조승래,한병도,한준호"
1058,조명희,"김도읍,김석기,박대수,박성민,성일종,안병길,이영,이종배,이주환,조경태,홍문표"
1059,조명희,"김도읍,김병욱,김석기,박대수,박성민,성일종,양향자,이주환,홍문표,황보승희"
1060,조명희,"김석기,박대수,박성민,성일종,양향자,이종배,이주환,조경태,홍문표,황보승희"
1061,조명희,"김도읍,김미애,김병욱,김석기,박대수,박성민,성일종,양향자,이종배,이주환,조경태,홍문표,황보승희"
1062,김주영,"김경만,노웅래,박홍근,송재호,오영환,윤건영,윤재갑,이용우,임호선,정일영,천준호,최인호"
1063,김승수,"김영식,김예지,배현진,서일준,윤상현,이명수,이용,이채익,최형두,태영호"
1064,송갑석,"김승남,서삼석,안호영,오영환,유동수,이동주,이원택,전용기,조오섭,황운하"
1065,노웅래,"고영인,김홍걸,민병덕,박성준,서영석,이병훈,이해식,임종성,홍정민"
1066,박완주,"김민철,백혜련,서영교,양기대,오영환,오영훈,이형석,임호선,한병도"
1067,김병기,"김민기,김병주,김영배,박성준,신영대,안규백,안민석,오영환,이정문,전용기,정일영,한준호,황운하"
1068,김민기,"강훈식,기동민,김성주,소병철,이용빈,이형석,임호선,정춘숙,정필모,허종식"
1069,강은미,"강민정,류호정,배진교,심상정,양정숙,용혜인,윤미향,이은주,장혜영"
1070,조경태,"김승수,김용판,박성민,박성중,박완수,백종헌,서정숙,이채익,태영호,하영제"
1071,김교흥,"강선우,강준현,김수흥,김영주,김회재,박영순,유동수,윤관석,이상헌,이성만,허영,허종식"
1072,김승남,"김성주,김영배,맹성규,민병덕,소병철,이용빈,이인영,주철현,최종윤"
1073,남인순,"김민석,김성주,김원이,민형배,서동용,양정숙,유기홍,이용선,정춘숙,허종식"
1074,구자근,"김선교,김예지,김은혜,박대수,배준영,안병길,이용호,임이자,추경호"
1075,조수진,"김병욱,김선교,김성원,김태흠,배준영,유상범,윤한홍,이용호,이종배,이채익,정경희,조명희,태영호"
1076,강민정,"강은미,김두관,김승원,김의겸,양이원영,양정숙,유정주,윤미향,이은주"
1077,조승래,"강병원,강선우,김철민,서영석,양정숙,이상민,이용빈,최종윤,한준호"
1078,조승래,"강병원,강선우,김철민,서영석,양정숙,이상민,이용빈,최종윤,한준호"
1079,조승래,"강병원,강선우,김철민,서영석,양정숙,이상민,이용빈,최종윤,한준호"
1080,오영훈,"강득구,김상희,도종환,류호정,송재호,양정숙,양향자,오영환,윤영찬,이상헌"
1081,신영대,"강훈식,김병기,김성주,김수흥,위성곤,이병훈,이원택,전재수,정태호"
1082,신영대,"강훈식,김병기,김병욱,김성주,김수흥,위성곤,이병훈,이원택,전재수,정태호"
1083,한기호,"김도읍,김석기,김성원,백종헌,성일종,유의동,이양수,이철규,태영호,홍준표"
1084,우원식,"강선우,김윤덕,민병덕,박재호,박홍근,서영석,윤후덕,이동주,이학영,정일영,조오섭,주철현"
1085,한기호,"김도읍,김석기,김성원,백종헌,성일종,유의동,이양수,이철규,태영호,홍준표"
1086,정희용,"김병욱,김석기,김용판,서일준,조명희,지성호,최춘식,태영호,한무경"
1087,신영대,"강훈식,김성주,김수흥,송갑석,송재호,위성곤,이병훈,이원택,전재수,정태호"
1088,김승남,"김정호,김회재,박영순,송갑석,양정숙,위성곤,윤재갑,이개호,주철현"
1089,이수진,"강득구,강민정,강병원,강선우,김성주,류호정,배진교,심상정,안호영,오영환,최연숙"
1090,한기호,"김도읍,김태호,서병수,서정숙,송언석,윤주경,이영,이채익,전주혜"
1091,신정훈,"김경만,노웅래,서영교,소병훈,송옥주,유정주,이원택,이장섭,이학영,임호선,홍정민"
1092,김예지,"구자근,김미애,김민석,김선교,송석준,오영환,이명수,이종성,최혜영,추경호,태영호"
1093,우원식,"강선우,김윤덕,민병덕,박재호,박홍근,서영석,윤후덕,이동주,이학영,정일영,조오섭,주철현"
1094,우원식,"강선우,김윤덕,민병덕,박재호,박홍근,서영석,윤후덕,이동주,이학영,정일영,조오섭,주철현"
1095,김영주,"강득구,김경협,김교흥,김진표,김홍걸,신영대,안민석,이용빈,이학영,한준호,허종식"
1096,하영제,"김석기,김용판,김형동,김희국,박덕흠,박성중,서일준,안병길,유상범,윤창현,이주환,정동만,조경태,조명희"
1097,우원식,"강선우,김윤덕,민병덕,박재호,박홍근,서영석,윤후덕,이동주,이학영,정일영,조오섭,주철현"
1098,윤미향,"권인숙,설훈,송옥주,양정숙,이수진,이은주,임종성,장철민,최혜영"
1099,양이원영,"강민정,김승원,김용민,김정호,김홍걸,윤영덕,이성만,이수진,진성준,최강욱"
1100,양이원영,"강민정,김승원,김용민,김정호,노웅래,도종환,윤영덕,이성만,이수진,진성준,최강욱"
1101,이소영,"강훈식,김영주,김정호,김진표,박용진,변재일,양이원영,양정숙,오영환,용혜인,윤영덕,윤준병,이용빈,전용기,홍정민"
1102,양이원영,"강민정,김승원,김용민,김정호,김철민,노웅래,윤건영,윤영덕,이성만,이수진,정일영,진성준,최강욱"
1103,양이원영,"김승원,김용민,김정호,도종환,윤영덕,이성만,이수진,정일영,진성준,최강욱"
1104,김영주,"강득구,김교흥,김진표,김홍걸,신영대,안민석,이용빈,이학영,한준호,허종식"
1105,이소영,"강훈식,김영주,김정호,김진표,박용진,양이원영,양정숙,오영환,윤영덕,윤준병,이용빈,전용기,최기상,홍정민"
1106,이소영,"강훈식,김영주,김정호,김진표,박용진,양이원영,양정숙,오영환,윤영덕,윤준병,이용빈,전용기,최기상,홍정민"
1107,김영주,"강득구,김경협,김교흥,김진표,김홍걸,이용빈,이학영,한준호,허종식"
1108,임이자,"권명호,김석기,김선교,김승수,박대수,서병수,이종성,주호영,추경호,한무경"
1109,이명수,"김도읍,김병욱,김예지,류성걸,서일준,윤상현,윤창현,이종성,최춘식,추경호,태영호"
1110,윤준병,"김민철,김철민,민형배,서영교,오영환,윤재갑,이성만,이용빈,황운하"
1111,민홍철,"기동민,김병주,김정호,김진표,서삼석,설훈,양향자,정성호,홍영표"
1112,윤준병,"김민철,김철민,민형배,서영교,오영환,윤재갑,이성만,이용빈,황운하"
1113,이종배,"김선교,박대수,박덕흠,성일종,이주환,조명희,추경호,태영호,홍문표"
1114,신영대,"김수흥,김홍걸,맹성규,민형배,박광온,서영교,소병훈,위성곤,이형석,임호선,장경태,전용기"
1115,배현진,"권명호,김기현,김미애,김승수,김태흠,백종헌,이철규,조명희,최형두,허은아"
1116,박상혁,"김남국,송옥주,안호영,윤후덕,이정문,임오경,임종성,임호선,최인호"
1117,김예지,"김석기,김선교,김승수,류성걸,용혜인,이종성,이주환,지성호,추경호"
1118,김수흥,"강선우,고용진,김교흥,김주영,서영석,신영대,안규백,양정숙,정일영"
1119,설훈,"강병원,김종민,김한정,민형배,용혜인,유정주,윤미향,이수진,허종식"
1120,박정,"도종환,송옥주,양기대,어기구,오영환,유동수,유정주,윤후덕,이병훈,이상헌,전용기"
1121,장제원,"김성원,김승수,박대수,박덕흠,백종헌,서병수,유상범,윤한홍,이명수"
1122,장제원,"김성원,김승수,박대수,박덕흠,백종헌,서병수,유상범,윤한홍,이명수,황보승희"
1123,임호선,"고영인,김상희,김윤덕,박상혁,박재호,신영대,신정훈,오영환,이장섭,이학영,조승래"
1124,한무경,"강민국,김영식,김정재,서일준,양금희,이영,전주혜,조경태,조명희,추경호,태영호"
1125,이종배,"김선교,김성원,박대수,성일종,이주환,조명희,조수진,추경호,태영호,홍문표"
1126,이성만,"김교흥,맹성규,박찬대,송영길,송옥주,신동근,오영환,유동수,윤관석,이동주,정일영,허종식,홍영표"
1127,이병훈,"김경만,김남국,김병주,김철민,노웅래,박정,어기구,오영환,유정주,이상헌,임오경,전혜숙"
1128,김수흥,"강선우,고용진,김교흥,김주영,서영석,신영대,안규백,양정숙,정일영"
1129,윤후덕,"김경만,김두관,김성환,김영진,김주영,김진표,박상혁,박성준,박정,우원식,이동주,이원욱,정성호,정일영"
1130,김민기,"기동민,김병주,김성주,소병철,이형석,임호선,정춘숙,정필모,허종식"
1131,이명수,"김승수,박대출,성일종,신원식,양금희,이영,정동만,최춘식,태영호"
1132,이성만,"김교흥,맹성규,박찬대,송영길,송옥주,신동근,오영환,유동수,윤관석,이동주,정일영,허종식,홍영표"
1133,이탄희,"김두관,도종환,양향자,오영환,이성만,이형석,장경태,전혜숙,최기상"
1134,신영대,"김수흥,민형배,박광온,소병훈,위성곤,이개호,임호선,장경태,전용기"
1135,박대출,"권명호,김상훈,김정재,서일준,윤영석,이명수,이주환,정동만,조명희,한무경"
1136,박대출,"권명호,김정재,서일준,윤영석,이영,이주환,정동만,조명희,한무경"
1137,홍석준,"강기윤,김석기,김성원,김승수,김용판,김정재,윤창현,이종배,전주혜,정운천,지성호,추경호"
1138,조수진,"김병욱,김선교,김성원,김태흠,배준영,유상범,이용호,이종배,정경희,태영호"
1139,김수흥,"강선우,고용진,김교흥,김주영,서영석,신영대,안규백,양정숙,정일영"
1140,이원욱,"강득구,고영인,고용진,김철민,백혜련,변재일,서영교,소병철,양정숙,양향자,장경태,전용기,정필모,조승래,홍익표"
1141,김수흥,"강선우,고용진,김교흥,김주영,서영석,신영대,안규백,양정숙,정일영"
1142,장철민,"김병욱,김정호,노웅래,송옥주,오영환,윤미향,이수진,임종성,홍영표"
1143,김회재,"강득구,김영주,김정호,박영순,소병철,양향자,윤건영,윤재갑,정일영"
1144,김회재,"강득구,김영주,김정호,박영순,소병철,양향자,윤건영,윤재갑,정일영"
1145,오영훈,"김영배,김회재,남인순,송재호,양정숙,오영환,정청래,조오섭,최종윤"
1146,조경태,"강대식,김용판,백종헌,윤두현,윤재갑,이명수,이채익,조명희,하영제"
1147,이수진,"김병기,김영배,박광온,박정,소병철,오영환,유정주,이광재,이수진,한병도"
1148,신영대,"김수흥,김윤덕,민형배,박광온,소병훈,오영훈,위성곤,이형석,임호선,장경태,전용기"
1149,김병욱,"고용진,김경만,김병기,김승원,김윤덕,김한정,박성준,박찬대,박홍근,소병철,송재호,오영환,오영훈,위성곤,유동수,윤관석,이성만,이정문,임오경,임종성,장철민,전재수,정성호,한준호,홍성국"
1150,권은희,"강민국,김기현,김예지,김정재,유동수,윤주경,윤창현,이용우,조명희,최연숙,홍준표"
1151,권은희,"강민국,김기현,김예지,김정재,유동수,윤주경,윤창현,이용우,조명희,최연숙,홍준표"
1152,김병기,"강선우,김두관,김병욱,서삼석,오영환,이수진,이정문,정일영,한준호"
1153,임호선,"강병원,강선우,고민정,권칠승,김민석,박홍근,오영환,최기상,홍성국"
1154,서병수,"김도읍,김미애,김희곤,박수영,백종헌,안병길,이주환,이헌승,장제원,전봉민,정동만,조경태,하태경,황보승희"
1155,배현진,"김성원,김예지,박형수,유경준,이명수,정희용,조명희,지성호,추경호,홍준표,황보승희"
1156,강선우,"강병원,권인숙,김교흥,김병기,김수흥,박성준,박홍근,이수진,임호선"
1157,서영교,"김병기,박재호,서영석,신정훈,오영환,윤재갑,윤준병,이용빈,이해식,이형석,최인호,홍정민"
1158,이주환,"권명호,김기현,김예지,김용판,박대출,서일준,양금희,전봉민,정경희,최승재,태영호"
1159,민홍철,"기동민,김병주,김승남,김진표,김홍걸,서삼석,서영교,양향자,홍영표"
1160,민홍철,"기동민,김병주,김승남,김정호,김진표,김홍걸,서삼석,서영교,양향자,홍영표"
1161,조명희,"강민국,김태흠,박대수,배준영,배현진,서일준,성일종,정경희,추경호,하영제,홍문표"
1162,민홍철,"기동민,김병주,김승남,김정호,김진표,김홍걸,서삼석,서영교,양향자,홍성국,홍영표"
1163,조명희,"김태흠,박대수,배준영,배현진,서일준,성일종,조경태,추경호,하영제,홍문표"
1164,조명희,"박대수,배준영,배현진,성일종,유경준,정경희,추경호,태영호,홍문표,홍석준"
1165,이장섭,"강준현,강훈식,김영배,김주영,송갑석,신정훈,이학영,최혜영,홍성국,황운하"
1166,홍석준,"강기윤,김석기,김성원,김승수,김용판,김정재,윤창현,이종배,전주혜,정운천,지성호,추경호"
1167,민형배,"김영배,김의겸,박성준,소병훈,송재호,양이원영,윤미향,이수진,정필모,홍정민"
1168,김주영,"김경만,노웅래,박홍근,송재호,윤건영,윤재갑,이용우,임호선,정일영,천준호,최인호"
1169,송언석,"권명호,김석기,김용판,김정재,박덕흠,정진석,정희용,조태용,태영호,한무경"
1170,서영교,"박재호,서영석,설훈,신정훈,양정숙,오영환,윤재갑,이병훈,이해식,이형석,장경태,최인호,홍정민"
1171,맹성규,"강득구,권인숙,김영호,서삼석,소병철,송옥주,신정훈,안규백,양이원영,이성만,한준호,홍정민"
1172,이원택,"김정호,안호영,위성곤,윤준병,장경태,주철현,최인호,한병도,홍정민"
1173,김회재,"강득구,김승남,김영주,김정호,김진표,양향자,윤건영,윤재갑,정일영,홍성국"
1174,민형배,"김영배,김의겸,박성준,소병훈,송재호,양이원영,윤미향,이수진,정필모,주철현,홍정민"
1175,김용판,"구자근,김성원,김형동,박대수,박덕흠,박완수,서일준,송언석,유경준,이명수,조경태,조명희,추경호,하영제"
1176,배준영,"구자근,김예지,양금희,이용,정경희,조명희,지성호,최춘식,추경호,태영호"
1177,배현진,"강기윤,김예지,유경준,유의동,조명희,조태용,지성호,홍준표,황보승희"
1178,남인순,"김남국,김두관,김성주,김영호,박홍근,서영석,윤건영,정태호,최종윤,최혜영"
1179,김교흥,"강선우,김수흥,김윤덕,박상혁,신동근,조오섭,한준호,허영,허종식,홍기원"
1180,이주환,"권명호,김기현,김예지,김용판,박대출,서일준,양금희,이영,전봉민,정경희,최승재,태영호"
1181,이주환,"권명호,김기현,김예지,김용판,박대출,서일준,양금희,이영,전봉민,정경희,최승재"
1182,소병철,"김병기,김영배,맹성규,박성준,송기헌,오영환,위성곤,윤재갑,장철민,진성준,한준호,홍성국"
1183,서일준,"김승수,김용판,박진,양금희,윤한홍,이용,이주환,조명희,최형두,추경호,하영제,홍문표"
1184,서일준,"김승수,김용판,박진,양금희,윤한홍,이용,이주환,조명희,최형두,추경호,하영제,홍문표"
1185,서일준,"김승수,김용판,박진,양금희,윤한홍,이용,이주환,조명희,최형두,추경호,하영제,홍문표"
1186,서일준,"김승수,김용판,박진,양금희,윤한홍,이용,이주환,조명희,최형두,추경호,하영제,홍문표"
1187,서일준,"김승수,김용판,박진,양금희,윤한홍,이용,이주환,조명희,최형두,추경호,하영제,홍문표"
1188,서일준,"김승수,김용판,박진,양금희,윤한홍,이용,이주환,조명희,최형두,추경호,하영제,홍문표"
1189,서일준,"김승수,김용판,박진,양금희,윤한홍,이용,이주환,조명희,최형두,추경호,하영제,홍문표"
1190,서일준,"김승수,김용판,박진,양금희,윤한홍,이용,이주환,조명희,최형두,추경호,하영제,홍문표"
1191,서일준,"김승수,김용판,박진,양금희,윤한홍,이용,이주환,조명희,최형두,추경호,하영제,홍문표"
1192,서일준,"김승수,김용판,박진,양금희,윤한홍,이용,이주환,조명희,최형두,추경호,하영제,홍문표"
1193,서일준,"김승수,김용판,박진,양금희,윤한홍,이용,이주환,조명희,최형두,추경호,하영제,홍문표"
1194,김병욱,"강대식,김석기,김태흠,이종배,정희용,조명희,주호영,최승재,태영호"
1195,서일준,"김승수,김용판,박진,양금희,윤한홍,이용,이주환,조명희,최형두,추경호,하영제,홍문표"
1196,서일준,"김승수,김용판,박진,양금희,윤한홍,이용,이주환,조명희,최형두,추경호,하영제,홍문표"
1197,서일준,"김승수,김용판,박진,양금희,윤한홍,이용,이주환,조명희,최형두,추경호,하영제,홍문표"
1198,서일준,"김승수,김용판,박진,양금희,윤한홍,이용,이주환,조명희,최형두,추경호,하영제,홍문표"
1199,서일준,"김승수,김용판,박진,양금희,윤한홍,이용,최형두,추경호,하영제,홍문표"
1200,서일준,"김승수,김용판,박진,양금희,윤한홍,이용,이주환,조명희,최형두,추경호,하영제,홍문표"
1201,서일준,"김승수,김용판,박진,양금희,윤한홍,이용,이주환,조명희,최형두,추경호,하영제,홍문표"
1202,서일준,"김승수,김용판,박진,양금희,윤한홍,이용,이주환,조명희,최형두,추경호,하영제,홍문표"
1203,서일준,"김승수,김용판,박진,양금희,윤한홍,이용,이주환,조명희,최형두,추경호,하영제,홍문표"
1204,서일준,"김승수,김용판,박진,양금희,윤한홍,이용,최형두,추경호,하영제,홍문표"
1205,서일준,"김승수,김용판,박진,양금희,윤한홍,이용,이주환,조명희,최형두,추경호,하영제,홍문표"
1206,서일준,"김승수,김용판,박진,양금희,윤한홍,이용,이주환,조명희,최형두,추경호,하영제,홍문표"
1207,서일준,"김승수,김용판,박진,양금희,윤한홍,이용,이주환,조명희,최형두,추경호,하영제,홍문표"
1208,서일준,"김승수,김용판,박진,양금희,윤한홍,이용,이주환,조명희,최형두,추경호,하영제,홍문표"
1209,서일준,"김승수,김용판,박진,양금희,윤한홍,이용,이주환,조명희,최형두,추경호,하영제,홍문표"
1210,서일준,"김승수,김용판,박진,양금희,윤한홍,이용,이주환,조명희,최형두,추경호,하영제,홍문표"
1211,서일준,"김승수,김용판,박진,양금희,윤한홍,이용,이주환,조명희,최형두,추경호,하영제,홍문표"
1212,서일준,"김승수,김용판,박진,양금희,윤한홍,이용,이주환,조명희,최형두,추경호,하영제,홍문표"
1213,서일준,"김승수,김용판,박진,양금희,윤한홍,이용,이주환,조명희,최형두,추경호,하영제,홍문표"
1214,서일준,"김승수,김용판,박진,양금희,윤한홍,이용,이주환,조명희,최형두,추경호,하영제,홍문표"
1215,서일준,"김승수,김용판,박진,양금희,윤한홍,이용,이주환,조명희,최형두,추경호,하영제,홍문표"
1216,서일준,"김승수,김용판,박진,양금희,윤한홍,이용,이주환,조명희,최형두,추경호,하영제,홍문표"
1217,서일준,"김승수,김용판,박진,양금희,윤한홍,이용,이주환,조명희,최형두,추경호,하영제,홍문표"
1218,서일준,"김승수,김용판,박진,양금희,윤한홍,이용,이주환,조명희,최형두,추경호,하영제,홍문표"
1219,서일준,"김승수,김용판,박진,양금희,윤한홍,이용,이주환,조명희,최형두,추경호,하영제,홍문표"
1220,서일준,"김승수,김용판,박진,양금희,윤한홍,이용,이주환,조명희,최형두,추경호,하영제,홍문표"
1221,정필모,"김종민,맹성규,민형배,박주민,박홍근,윤영찬,이용빈,이원욱,이형석,한준호,홍정민"
1222,홍석준,"구자근,김석기,김영식,김형동,배준영,배현진,서일준,윤창현,조명희,지성호,추경호"
1223,윤관석,"김교흥,김남국,민병덕,변재일,서영교,서영석,안민석,오영환,허종식"
1224,이명수,"김병욱,김예지,김형동,박대출,서병수,성일종,양금희,이영,이주환"
1225,김회재,"강득구,김두관,김영주,문정복,박영순,박주민,송옥주,양향자,윤건영,윤관석,윤재갑,정일영,주철현"
1226,배현진,"권영세,김성원,김형동,박성중,백종헌,조명희,주호영,태영호,하영제,홍준표,황보승희"
1227,이영,"김미애,박대출,양금희,유의동,정동만,조명희,최춘식,추경호,한무경"
1228,이영,"강민국,김도읍,박대출,배준영,이명수,이용,정동만,조명희,최춘식"
1229,태영호,"강기윤,권명호,김병욱,김영식,박성민,배준영,유경준,이종배,조경태"
1230,김기현,"권명호,권은희,김석기,김예지,박수영,배진교,백종헌,서정숙,용혜인,윤주경,윤창현,이양수,이채익,조태용,허은아"
1231,홍정민,"김승남,김영배,김정호,변재일,송기헌,신정훈,오영환,유정주,이용우,한준호"
1232,김기현,"권명호,권은희,김석기,김예지,박수영,배진교,백종헌,서정숙,용혜인,윤주경,윤창현,이양수,이채익,조태용,허은아"
1233,김기현,"권명호,권은희,김석기,김예지,박수영,배진교,백종헌,서정숙,용혜인,윤주경,윤창현,이양수,이채익,조태용,허은아"
1234,김기현,"권명호,권은희,김석기,김예지,박수영,배진교,백종헌,서정숙,용혜인,윤주경,윤창현,이양수,이채익,조태용,허은아"
1235,김기현,"권명호,권은희,김석기,김예지,박수영,배진교,백종헌,서정숙,용혜인,윤주경,윤창현,이양수,이채익,조태용,허은아"
1236,신영대,"김경만,김병기,김성환,김수흥,김윤덕,김정호,이형석,임호선,전용기"
1237,배현진,"김성원,김형동,백종헌,조명희,주호영,추경호,태영호,하영제,홍준표,황보승희"
1238,조경태,"김승수,김용판,김형동,박성중,백종헌,이채익,전주혜,조명희,하영제"
1239,변재일,"안규백,위성곤,윤관석,이원욱,이장섭,이정문,임호선,정성호,정태호,조정식,한준호,홍성국"
1240,조명희,"김기현,김병욱,김성원,김태흠,박대출,박진,배준영,성일종,유경준,유의동,이종배,이주환,정경희,추경호,태영호,하태경,황보승희"
1241,박대출,"김성원,김영식,김웅,김태흠,안병길,이종성,이주환,정동만,조명희"
1242,최기상,"기동민,김수흥,김승원,김영배,김용민,김철민,박상혁,소병철,신정훈,양이원영,윤영덕,이용우,이탄희,임호선,한병도,황운하"
1243,하영제,"김석기,김용판,김형동,박덕흠,박성중,서일준,유상범,윤창현,이주환,정동만,조경태"
1244,김미애,"구자근,김석기,김용판,김형동,박대수,성일종,이영,조명희,추경호"
1245,송재호,"강훈식,김영배,김정호,류호정,민형배,변재일,윤준병,이동주,이상헌,홍정민"
1246,최승재,"권명호,김병욱,김형동,김희곤,배준영,윤주경,이주환,정희용,최춘식,태영호"
1247,박용진,"김영호,민병덕,박재호,양정숙,용혜인,위성곤,이수진,이은주,이정문,전용기,정춘숙,허종식"
1248,윤주경,"권명호,김기현,박진,서병수,윤창현,이용호,정경희,주호영,태영호"
1249,윤재갑,"김병주,김홍걸,문진석,설훈,양정숙,위성곤,이상직,주철현,최인호"
1250,윤재갑,"김승남,김정호,서영교,위성곤,이개호,이병훈,이성만,최혜영,홍성국"
1251,김승남,"김정호,민홍철,소병철,양정숙,위성곤,윤재갑,이용빈,이인영,인재근,정청래,주철현"
1252,이원택,"김정호,박홍근,서삼석,안호영,위성곤,윤준병,장경태,주철현,최인호,홍정민"
1253,변재일,"김민석,안규백,윤관석,이원욱,이장섭,이정문,이학영,임종성,임호선,정성호,조승래,조정식,최기상,한준호,홍정민"
1254,박주민,"강민정,김영배,노웅래,류호정,용혜인,윤건영,윤재갑,정필모,최기상"
1255,노웅래,"김병욱,김영주,김윤덕,김정호,김진표,김홍걸,문진석,민병덕,박성준,박홍근,서영교,송옥주,안호영,양경숙,유동수,이개호,이병훈,이수진,이수진,이용빈,이용선,이용우,이원욱,이학영,이해식,임종성,주철현,최종윤,허종식"
1256,김용민,"김승원,김영배,김영호,민병덕,박성준,양이원영,유정주,윤영덕,이수진,장경태,정태호,최강욱,홍정민,황운하"
1257,노웅래,"고민정,김병욱,김성원,김윤덕,김정호,김태흠,박홍근,오영훈,유상범,윤관석,윤미향,이수진,홍익표"
1258,이해식,"김성환,김홍걸,노웅래,서영교,송재호,오영환,윤준병,이학영,홍성국"
1259,김영식,"김병욱,김석기,김용판,김정재,박성중,박진,주호영,태영호,황보승희"
1260,이해식,"김수흥,김정호,백혜련,서영교,오영환,윤준병,이수진,이학영,인재근,전재수"
1261,이철규,"구자근,권명호,김선교,김정재,양금희,엄태영,윤영석,이주환,한무경"
1262,권은희,"강민국,김기현,김예지,김정재,김형동,윤창현,이용우,이태규,조명희,최연숙,홍준표"
1263,박상혁,"김상희,김윤덕,송옥주,안호영,어기구,이정문,임오경,임호선,최기상,최인호"
1264,윤준병,"김정호,민형배,박찬대,양이원영,오영환,윤재갑,이성만,한병도,홍영표,황운하"
1265,안민석,"강득구,강민정,권인숙,김의겸,김철민,도종환,박찬대,박홍근,서동용,윤영덕,이탄희"
1266,안민석,"강득구,강민정,권인숙,김의겸,김철민,도종환,박찬대,박홍근,서동용,윤영덕,이탄희"
1267,김희곤,"김의겸,김종민,민형배,신정훈,이용빈,이정문,이학영,조오섭,최승재"
1268,이종배,"김선교,박덕흠,박진,성일종,안병길,윤영석,이종성,추경호,태영호,홍문표"
1269,이종배,"김선교,박덕흠,박진,성일종,안병길,윤영석,이종성,추경호,태영호,홍문표"
1270,이병훈,"김영배,김정호,김철민,노웅래,박영순,송갑석,양향자,이상헌,이장섭,이형석"
1271,김철민,"강선우,권인숙,김수흥,김영배,김정호,도종환,민형배,박정,서동용,안민석,오영환,이정문"
1272,박광온,"고영인,김병기,김영배,민병덕,송갑석,윤영찬,이장섭,임호선,전용기"
1273,박광온,"고영인,김병기,김영배,민병덕,송갑석,윤영찬,이장섭,임호선,전용기"
1274,박광온,"고영인,김병기,김영배,김진표,민병덕,송갑석,윤영찬,이장섭,임호선,전용기"
1275,박광온,"고영인,김병기,김영배,김진표,민병덕,송갑석,윤영찬,이장섭,전용기"
1276,최춘식,"김성원,김영식,박대수,박덕흠,송언석,윤영석,정운천,정희용,최승재"
1277,김영호,"김병주,류호정,민병덕,박성준,박용진,안규백,이성만,장경태,조정훈,최승재,황운하"
1278,임오경,"고용진,문정복,안규백,오영환,이수진,전용기,조오섭,최혜영,한준호"
1279,김경협,"고민정,김민철,김상희,김성환,김진표,민형배,박영순,박재호,박찬대,박홍근,서영석,설훈,소병철,양기대,오기형,유정주,윤건영,윤관석,이광재,이수진,이용우,이인영,임오경,장철민,전용기,정일영,정태호,정필모,최기상,한준호,허영,허종식,홍성국,홍영표,홍정민"
1280,박대수,"권명호,김미애,김성원,김용판,양금희,윤영석,이종배,이종성,임이자,최춘식,태영호"
1281,이채익,"김기현,김승수,류성걸,박진,백종헌,성일종,이종배,정경희,태영호"
1282,신영대,"김경만,김병기,김성환,김윤덕,김정호,오영훈,임호선,전용기,전재수"
1283,송재호,"김민기,김영배,김정호,김회재,오영훈,이상헌,이형석,천준호,최종윤"
1284,정춘숙,"김성주,김윤덕,김정호,송옥주,이수진,이정문,최종윤,최혜영,허종식"
1285,이은주,"강득구,강은미,기동민,김원이,김홍걸,류호정,박용진,배진교,심상정,양정숙,윤미향,이수진,임호선,장혜영"
1286,권명호,"구자근,권성동,김기현,김석기,김성원,김용판,김은혜,박대수,박덕흠,안병길,유경준,윤두현,윤주경,이종성,이주환,이철규,임이자,정운천,주호영,최춘식,태영호,한무경"
1287,이은주,"강득구,강민정,강은미,기동민,김원이,김홍걸,류호정,박용진,배진교,심상정,양정숙,윤미향,이탄희,임호선,장혜영"
1288,이해식,"김민철,김영배,박재호,백혜련,서영교,서영석,오영훈,윤후덕,임호선"
1289,이해식,"김민철,김영배,박재호,백혜련,서영교,서영석,오영훈,윤후덕,임호선"
1290,이수진,"강선우,김병기,김영배,김종민,소병철,송기헌,이용우,장철민,최강욱"
1291,이해식,"김민철,김영배,박재호,백혜련,서영교,서영석,오영훈,윤후덕,임호선"
1292,태영호,"김상훈,김석기,김성원,김희곤,박대수,박수영,박진,이용호,조태용"
1293,민병덕,"김영주,김주영,박영순,소병철,송재호,윤건영,이용빈,이용우,진성준,허종식"
1294,김예지,"구자근,권명호,김선교,김승수,김희국,배준영,정희용,추경호,홍석준"
1295,김영배,"김병기,민형배,박광온,박홍근,소병철,유정주,이광재,이수진,이수진,이장섭,이해식,한병도"
1296,조경태,"김용판,박성중,박완수,백종헌,윤재갑,이명수,이채익,조명희,하영제"
1297,김영배,"김병기,민형배,박광온,박홍근,소병철,유정주,이수진,이수진,이장섭,이해식,한병도"
1298,이종배,"구자근,김병욱,김승수,박대수,성일종,윤영석,이채익,조명희,주호영,홍문표"
1299,고용진,"김경만,김수흥,김승원,김정호,김진표,박성준,박홍근,양경숙,윤후덕,이개호,이원욱,전재수,정성호,정일영,한병도"
1300,고용진,"김경만,김수흥,김승원,김정호,김진표,박성준,박홍근,양경숙,윤후덕,이개호,이원욱,전재수,정성호,정일영,한병도"
1301,한무경,"권명호,김병욱,박대출,박진,송언석,양금희,이종성,임이자,조명희,추경호,하영제"
1302,최혜영,"강득구,강병원,강준현,고민정,김민석,김예지,김원이,남인순,류호정,맹성규,민병덕,박수영,박정,서영석,송옥주,양정숙,오영환,용혜인,윤재갑,허종식"
1303,홍석준,"김승수,박대수,박덕흠,서일준,윤창현,이양수,이용,이종배,이채익,지성호,추경호"
1304,윤준병,"김정호,김철민,박정,서영교,양이원영,양정숙,오영환,윤재갑,한병도,황운하"
1305,이용우,"김경만,김상희,김승원,김주영,소병철,이병훈,이수진,정필모,진성준,홍기원,홍정민"
1306,김병욱,"김영진,김윤덕,김정호,문진석,민형배,양이원영,임종성,정성호,조정식,홍정민"
1307,김정재,"김성원,김영식,김형동,박완수,서병수,서일준,송언석,태영호,한무경"
1308,김병기,"김두관,김영배,노웅래,소병철,오영환,이용빈,이정문,정일영,정태호"
1309,성일종,"김선교,김태흠,박덕흠,백종헌,이명수,이종배,이종성,조명희,최춘식,추경호"
1310,이원택,"김정호,박홍근,서삼석,안호영,위성곤,윤준병,장경태,주철현,최인호,한병도"
1311,태영호,"권영세,김석기,김영식,박대수,서일준,윤주경,이명수,이영,이종배"
1312,김예지,"구자근,김석기,김선교,김승수,김용판,김희국,정희용,지성호,추경호"
1313,김예지,"구자근,김선교,김승수,김용판,김희국,배준영,이종성,정희용,추경호"
1314,김병욱,"김승원,민병덕,민형배,송재호,윤영찬,이용빈,최종윤,허영,홍정민"
1315,임호선,"강선우,고민정,김민석,김정호,박홍근,변재일,오영환,임종성,정태호,홍성국"
1316,이종배,"김병욱,김선교,박대수,박덕흠,성일종,윤주경,추경호,태영호,홍문표"
1317,민병덕,"김승원,김진표,박광온,배진교,송재호,오영환,용혜인,이용빈,이용우,이정문,최종윤"
1318,주철현,"김승남,김정호,김진표,민형배,송재호,윤영덕,윤재갑,이개호,이원택"
1319,윤준병,"김민철,김정호,김주영,김철민,노웅래,민형배,양정숙,오영환,윤재갑,이소영,이용빈,황운하"
1320,김선교,"김예지,박대수,박성민,박진,성일종,이철규,조경태,태영호,하영제"
1321,이만희,"권성동,김석기,김선교,김정재,김형동,김희국,안병길,엄태영,유의동,이명수,이종성,태영호,한무경"
1322,송옥주,"김경만,김승남,김회재,양향자,오영환,윤재갑,임종성,장경태,주철현"
1323,김영호,"김영주,김정호,김홍걸,서영교,신정훈,양경숙,오영환,유기홍,이광재,이상민,이재정"
1324,김영배,"기동민,김정호,김철민,민형배,송재호,양기대,윤관석,이해식,홍성국"
1325,박정,"도종환,박성준,소병훈,신영대,어기구,오영환,유정주,이병훈,이상헌,허영"
1326,이철규,"구자근,권명호,권성동,김선교,서일준,유상범,윤창현,이양수,정운천"
1327,박정,"도종환,박성준,소병훈,신영대,어기구,오영환,유정주,이병훈,이상헌,허영"
1328,김승수,"김예지,김용판,서일준,이용,이종배,이종성,이채익,추경호,한무경"
1329,김승수,"김예지,김용판,서일준,이용,이종배,이종성,이채익,추경호,한무경"
1330,배진교,"강은미,김홍걸,류호정,민병덕,민형배,심상정,이은주,장혜영,조정훈,허종식"
1331,조명희,"김석기,김성원,김용판,박덕흠,성일종,조경태,추경호,하영제,홍문표,황보승희"
1332,임오경,"김정호,민병덕,박성준,신동근,오영환,유정주,이상헌,이수진,이재정"
1333,김민석,"강득구,강준현,김정호,박성준,박홍근,오영환,유정주,이광재,임호선,최기상,최혜영,한병도"
1334,김선교,"김예지,박대수,박성민,박진,성일종,이철규,조경태,태영호,하영제"
1335,태영호,"김영식,김정재,박성민,박진,배준영,유경준,이종배,이주환,이채익,조명희"
1336,윤영찬,"강병원,박광온,서삼석,설훈,양정숙,오영환,이용빈,이학영,최혜영"
1337,김경만,"강득구,강선우,김정호,송기헌,송옥주,이동주,이수진,이용빈,임종성,홍성국"
1338,이정문,"강선우,강준현,김경만,김병기,김상희,김영진,김종민,김철민,김한정,문진석,민병덕,민형배,박상혁,박완주,박용진,박주민,박홍근,백혜련,변재일,서영석,설훈,송재호,신동근,안민석,오영환,유동수,윤관석,윤재갑,윤준병,이용빈,이원욱,이원택,이학영,임종성,임호선,장철민,정춘숙,정필모,황운하"
1339,구자근,"권명호,김도읍,김석기,김선교,김예지,김태흠,김희곤,배준영,이명수"
1340,박진,"김도읍,김석기,김선교,김영식,서정숙,이채익,조명희,주호영,태영호,황보승희"
1341,박진,"김선교,김영식,서정숙,이종배,이채익,정동만,조명희,주호영,태영호,홍문표,황보승희"
1342,조해진,"강대식,강민국,김민철,김병욱,김성원,김영배,박성민,이은주,이정문,장경태,정점식,정춘숙,홍정민"
1343,이용호,"강대식,구자근,류호정,송언석,윤주경,정운천,최승재,추경호,태영호"
1344,구자근,"강기윤,권명호,김석기,김선교,김희곤,백종헌,이철규,정동만,조수진"
1345,김영배,"김용민,김정호,김철민,민형배,서영교,송옥주,송재호,오영환,윤관석,이장섭"
1346,윤관석,"김의겸,김한정,박홍근,송재호,신동근,오영환,유동수,이성만,이정문,정태호,허종식"
1347,강대식,"권영세,김병욱,김웅,김은혜,백종헌,유경준,유의동,윤두현,조수진,추경호"
1348,김영배,"고민정,김정호,김철민,민형배,서영교,송재호,양기대,양향자,오영환,윤관석,이장섭"
1349,강대식,"권영세,김병욱,김웅,김은혜,백종헌,유경준,유의동,윤두현,이용호,조수진,추경호"
1350,김영호,"김영주,김홍걸,서영교,신정훈,오영환,유기홍,이광재,이상민,이재정"
1351,김석기,"강기윤,구자근,김병욱,김영식,김예지,박진,이채익,정진석,정희용,조태용,주호영,지성호,추경호,태영호"
1352,류호정,"강은미,김정호,배진교,심상정,양정숙,이용호,이은주,장혜영,조정훈"
1353,전혜숙,"고영인,김영배,김진표,김철민,설훈,양기대,우원식,윤후덕,진성준"
1354,우원식,"강준현,김한정,김회재,박홍근,서영석,송기헌,송옥주,오영환,이장섭,주철현,허종식"
1355,박진,"강민국,김도읍,김석기,김선교,김영식,이종배,조명희,주호영,태영호,황보승희"
1356,신영대,"김병기,김성주,김정호,서삼석,위성곤,유정주,전재수,정태호,최종윤,허영"
1357,강병원,"강선우,권인숙,김병기,서영석,송옥주,오영환,진성준,최혜영,허종식"
1358,김도읍,"강기윤,김승수,김태흠,박진,양금희,이주환,전봉민,정운천,추경호"
1359,김도읍,"강기윤,김병욱,김승수,박진,서병수,양금희,이주환,전봉민,정운천,추경호"
1360,이주환,"권명호,김도읍,김성원,김예지,김용판,박대수,박덕흠,전봉민,하영제"
1361,주호영,"김병욱,김성원,김영식,박대수,박성중,서병수,이종배,임이자,정운천"
1362,김도읍,"강기윤,김병욱,김승수,박진,양금희,이주환,전봉민,정운천,추경호"
1363,민형배,"김철민,박상혁,박홍근,배진교,윤준병,임종성,정필모,조정훈,주철현,황운하"
1364,주호영,"김병욱,김성원,김영식,김정재,박대수,송언석,윤주경,전봉민,한무경"
1365,서일준,"김기현,김석기,김승수,김용판,김태흠,양금희,이용,이종성,이철규,하영제,허은아"
1366,임종성,"강병원,강선우,김민기,김주영,소병훈,송옥주,유정주,조오섭,최기상,홍익표"
1367,조정훈,"강은미,김철민,류호정,민형배,박덕흠,배진교,송재호,위성곤,한준호"
1368,조정훈,"강은미,김철민,류호정,민형배,박덕흠,배진교,송재호,위성곤,한준호"
1369,전봉민,"김도읍,안병길,이종성,이주환,정동만,조경태,주호영,한무경,황보승희"
1370,박광온,"김남국,김영배,김종민,박성준,박주민,신영대,양향자,이병훈,이장섭,전용기"
1371,박성민,"강민국,김병욱,김선교,김영식,박대출,박덕흠,송석준,조경태,조명희,태영호"
1372,정동만,"강민국,김희곤,성일종,윤창현,이명수,전봉민,조경태,조명희,주호영,황보승희"
1373,민형배,"김철민,박상혁,박홍근,배진교,윤준병,임종성,장경태,정필모,주철현,황운하"
1374,강민국,"강기윤,김기현,김석기,김은혜,박성민,박성중,안병길,윤창현,이달곤,이양수,이용,이종배,이헌승,전주혜,정동만,정운천,조명희,조해진,추경호"
1375,민형배,"김철민,박상혁,박홍근,배진교,윤준병,임종성,장경태,정필모,주철현,황운하"
1376,조경태,"김선교,김용판,배현진,서정숙,이주환,정동만,조명희,하영제,황보승희"
1377,민형배,"김철민,박상혁,박홍근,윤준병,임종성,장경태,정필모,조정훈,주철현,황운하"
1378,조경태,"김선교,김용판,배현진,서정숙,이주환,정동만,조명희,하영제,황보승희"
1379,김주영,"김경만,노웅래,박홍근,송재호,윤건영,윤재갑,이용우,임호선,정일영,최인호"
1380,장경태,"김영배,김원이,김의겸,민형배,박홍근,송옥주,오영환,유정주,장철민"
1381,김주영,"고용진,김경만,김수흥,김승원,김영주,박상혁,박홍근,안호영,오영환,윤후덕,이수진,정일영,최인호"
1382,김주영,"김경만,김승원,김영주,박상혁,박홍근,안호영,오영환,윤후덕,최인호"
1383,서일준,"김기현,김석기,김승수,김용판,김태흠,양금희,이용,이종성,이철규,이태규,지성호,하영제,허은아"
1384,이재정,"강득구,김민철,김병욱,김영호,도종환,오영환,이용선,진성준,최혜영,홍익표"
1385,전주혜,"강민국,김미애,김예지,김용판,김태호,박덕흠,윤주경,윤창현,조해진,지성호,한무경"
1386,서일준,"김기현,김석기,김승수,김용판,김태흠,양금희,이용,이종성,이철규,하영제,허은아"
1387,서일준,"김기현,김석기,김승수,김용판,김태흠,양금희,이용,이종성,이철규,하영제,허은아"
1388,유정주,"박홍근,서영교,신영대,신정훈,이병훈,이장섭,이형석,전재수,홍정민"
1389,박진,"김영식,박성중,성일종,송석준,신원식,유경준,윤영석,주호영,태영호,홍문표"
1390,주호영,"권명호,김병욱,김석기,김성원,박진,배현진,임이자,정운천,한무경"
1391,주호영,"권명호,김병욱,김성원,박진,배현진,임이자,전봉민,정운천,한무경"
1392,주호영,"권명호,권영세,김병욱,김석기,박대수,박진,송언석,이채익,정운천,한무경"
1393,주호영,"김병욱,김성원,김영식,박대수,박성중,이종배,임이자,전봉민,정운천"
1394,소병철,"김영배,박성준,송기헌,오영환,위성곤,윤재갑,이수진,임호선,장철민,정일영,진성준"
1395,주호영,"권명호,김병욱,김성원,박진,배현진,이채익,전봉민,정운천,한무경"
1396,서영교,"김한정,김회재,박재호,서영석,설훈,신영대,오영환,윤준병,이용빈,이해식,장경태,전용기,최기상,최인호,한병도,홍정민"
1397,주호영,"김병욱,김석기,김성원,김태흠,김희곤,류성걸,박진,이용,정동만"
1398,주호영,"강대식,권명호,김병욱,김석기,김성원,박진,임이자,정운천,한무경"
1399,강득구,"김두관,김병주,김한정,민병덕,박찬대,박홍근,양정숙,양향자,윤재갑"
1400,장경태,"고민정,민형배,서삼석,서영교,오영환,유정주,이용빈,이원택,전용기,진성준"
1401,정희용,"김병욱,김석기,김영식,김용판,김희곤,송언석,이채익,지성호,최춘식,추경호"
1402,노웅래,"류호정,민병덕,송옥주,위성곤,임종성,임호선,전용기,조정훈,한준호"
1403,이원욱,"강득구,고용진,김영주,김주영,김철민,박홍근,변재일,송옥주,신정훈,양정숙,오영환,유정주,윤영덕,윤후덕,이광재,이병훈,이수진,이용빈,이정문,전용기,정필모,조승래,홍기원,홍성국,홍익표,홍정민"
1404,이정문,"기동민,김영배,문진석,민형배,박상혁,박홍근,서영석,송갑석,신동근,안민석,오영환,임호선,정춘숙,황운하"
1405,이원욱,"강득구,고용진,김영주,김주영,김철민,박홍근,변재일,송옥주,신정훈,양정숙,오영환,유정주,윤영덕,윤후덕,이광재,이병훈,이수진,이용빈,이정문,전용기,정필모,조승래,홍기원,홍익표,홍정민"
1406,장경태,"민형배,박홍근,서삼석,서영교,오영환,윤준병,이용빈,전용기,진성준"
1407,소병철,"김영배,박성준,송기헌,오영환,위성곤,윤재갑,이수진,임호선,장철민,정일영,진성준"
1408,소병철,"김영배,박성준,송기헌,오영환,위성곤,윤재갑,이수진,임호선,장철민,정일영,진성준"
1409,정희용,"김병욱,김석기,김성원,김영식,김용판,김희곤,송언석,윤두현,이채익,지성호,최춘식,추경호"
1410,소병철,"김영배,박성준,송기헌,오영환,위성곤,윤재갑,이수진,임호선,장철민,정일영,진성준"
1411,오영훈,"김상희,김정호,류호정,송재호,양정숙,오영환,윤영찬,이성만,인재근,조오섭,진선미"
1412,태영호,"권명호,권영세,김석기,김영식,김희곤,박진,배준영,조경태,최형두,한무경"
1413,소병철,"김영배,박성준,송기헌,오영환,위성곤,윤재갑,이수진,임호선,장철민,정일영,진성준"
1414,서영교,"김영호,김회재,박재호,서영석,설훈,신영대,신정훈,오영환,윤준병,이용빈,이해식,장경태,전용기,최인호,한병도,홍정민"
1415,김미애,"강대식,김상훈,김승수,김예지,김웅,박진,백종헌,성일종,송석준,신원식,윤두현,정경희,조명희,황보승희"
1416,소병철,"김영배,박성준,송기헌,오영환,위성곤,윤재갑,이수진,임호선,장철민,정일영,진성준"
1417,소병철,"김영배,박성준,송기헌,오영환,위성곤,윤재갑,이수진,임호선,장철민,정일영,진성준"
1418,소병철,"김영배,박성준,송기헌,오영환,위성곤,윤재갑,이수진,임호선,장철민,정일영,진성준"
1419,소병철,"김영배,박성준,송기헌,오영환,위성곤,윤재갑,이수진,임호선,장철민,정일영,진성준"
1420,박성준,"강득구,김승원,김진표,김회재,서영교,송재호,오영환,이상헌,한준호,홍성국"
1421,소병철,"김영배,박성준,송기헌,오영환,위성곤,윤재갑,이수진,임호선,장철민,정일영,진성준"
1422,소병철,"김영배,박성준,송기헌,오영환,위성곤,윤재갑,이수진,임호선,장철민,정일영,진성준"
1423,소병철,"김영배,박성준,송기헌,오영환,위성곤,윤재갑,이수진,임호선,장철민,정일영,진성준"
1424,김승수,"김기현,김영식,김예지,서일준,이명수,이용,이종배,전봉민,추경호,하영제,한무경"
1425,소병철,"김영배,박성준,송기헌,오영환,위성곤,윤재갑,이수진,임호선,장철민,정일영,진성준"
1426,소병철,"김영배,박성준,송기헌,오영환,위성곤,윤재갑,이수진,임호선,장철민,정일영,진성준"
1427,소병철,"김영배,박성준,송기헌,오영환,위성곤,윤재갑,이수진,임호선,장철민,정일영,진성준"
1428,정동만,"류성걸,박대출,성일종,윤창현,이명수,조경태,조명희,주호영,황보승희"
1429,김남국,"김두관,김승원,김영배,김의겸,민병덕,민형배,백혜련,양정숙,오영환,윤준병,이수진,정청래,최혜영,허영,홍정민,황운하"
1430,김미애,"강대식,김상훈,김승수,김예지,김웅,박진,백종헌,성일종,송석준,신원식,윤두현,정경희,조명희,황보승희"
1431,장경태,"김승원,민형배,서삼석,서영교,오영환,유정주,이용빈,이원택,전용기"
1432,김민철,"김정호,신정훈,오영환,오영훈,윤준병,이병훈,이성만,이수진,이장섭,장철민,조응천,한병도"
1433,윤준병,"김주영,김철민,노웅래,민형배,박정,서영교,양정숙,오영환,윤재갑,이용빈,장철민"
1434,류성걸,"권영세,김용판,배준영,서병수,서일준,안병길,이명수,정동만,정운천,정진석,조명희,홍문표"
1435,윤후덕,"김병욱,김성환,김영진,김주영,박상혁,우원식,이동주,이원욱,정성호,정일영,천준호"
1436,김회재,"김주영,박홍근,송재호,안규백,양향자,위성곤,유정주,윤재갑,윤준병,정일영,정필모,홍성국"
1437,강득구,"김병주,김홍걸,민병덕,박정,박찬대,박홍근,양정숙,양향자,윤재갑,최기상"
1438,진성준,"강병원,박상혁,소병철,우원식,위성곤,이동주,장경태,전혜숙,정청래"
1439,박성준,"고용진,김경만,김민석,김진표,남인순,오영환,윤건영,임오경,장철민"
1440,민병덕,"김두관,김영호,김정호,박성준,송옥주,윤재갑,윤준병,이동주,이병훈,이용빈,천준호,최종윤"
1441,허영,"강선우,강준현,김윤덕,김주영,김진표,김홍걸,송재호,오영환,윤건영,이용우"
1442,안호영,"김수흥,박상혁,서삼석,송갑석,송옥주,신영대,양정숙,윤미향,윤준병,이수진,장철민"
1443,고영인,"권칠승,김진표,장철민,전혜숙,최인호,최혜영,홍영표,홍정민,황운하"
1444,윤재갑,"김승남,민병덕,배진교,설훈,양정숙,우상호,위성곤,이용빈,최종윤"
1445,이수진,"김영배,박정,서영교,소병철,소병훈,유정주,이광재,이수진,이원욱,정성호,한병도"
1446,김병욱,"김정재,김태흠,박성민,유경준,이명수,이종배,정희용,조명희,추경호,태영호"
1447,위성곤,"김승남,김홍걸,소병철,신영대,양정숙,윤재갑,이개호,이원택,진성준"
1448,위성곤,"김승남,소병철,신영대,양정숙,우원식,윤재갑,이개호,이원택,진성준"
1449,안규백,"김정호,김진표,민병덕,서영교,이용선,이형석,인재근,정일영,최기상,허종식"
1450,김병욱,"김태흠,이명수,이종배,이태규,정희용,조명희,주호영,최연숙,태영호"
1451,안규백,"강득구,김수흥,민병덕,박성준,양정숙,이수진,정일영,조승래,천준호,최강욱"
1452,이원택,"김정호,백혜련,신정훈,안호영,위성곤,유정주,이학영,장경태,한병도"
1453,이용우,"김주영,박완주,박홍근,송재호,이수진,임호선,정필모,최기상,홍정민"
1454,이용우,"김승원,김주영,박완주,박홍근,송재호,이수진,임호선,정필모,홍정민"
1455,배준영,"김성원,김예지,박대수,신동근,유경준,윤상현,윤주경,정경희,최춘식,태영호,허종식"
1456,송재호,"김민철,김영배,민형배,이광재,이상헌,이장섭,이형석,한준호,홍익표"
1457,이용우,"김승원,김주영,박완주,박홍근,송재호,이수진,임호선,정필모,최기상,홍정민"
1458,김영호,"김민기,김원이,김의겸,민병덕,서영교,신정훈,오영환,임호선,조오섭"
1459,정희용,"김병욱,김석기,김성원,김영식,김용판,김희곤,송언석,윤두현,지성호,최춘식,추경호"
1460,윤영덕,"강득구,강민정,권인숙,문진석,민형배,송갑석,양향자,위성곤,이동주,조오섭,주철현"
1461,윤영덕,"강득구,권인숙,문진석,민형배,송갑석,양정숙,양향자,위성곤,이동주,이형석,조오섭"
1462,신영대,"김영배,박찬대,서삼석,송기헌,송재호,신정훈,이형석,전재수,정태호,홍정민"
1463,윤영덕,"강득구,권인숙,문진석,민형배,송갑석,양향자,위성곤,이동주,조오섭"
1464,서삼석,"맹성규,박정,신정훈,안호영,이개호,이원택,장경태,최인호,홍문표"
1465,김승수,"김예지,김용판,서일준,이용,이종성,이채익,장제원,추경호,한무경"
1466,조경태,"김용판,박성중,윤두현,윤재갑,이명수,이채익,조명희,최춘식,하영제"
1467,윤준병,"강민정,김정호,김철민,민형배,민홍철,박재호,신영대,오영환,윤건영,윤영덕,윤재갑,이용빈,이용호"
1468,송기헌,"김상희,소병철,신영대,신정훈,이광재,이병훈,주철현,최인호,홍정민"
1469,윤준병,"김철민,민형배,박정,서영교,오영환,윤재갑,이소영,이용빈,이원택,장철민,황운하"
1470,홍정민,"김승남,김정호,박홍근,신영대,신정훈,유정주,이용우,전용기,한준호"
1471,홍정민,"김승남,김정호,박홍근,신영대,신정훈,유정주,이용우,전용기,한준호"
1472,홍정민,"김승남,김정호,박홍근,신영대,신정훈,유정주,이용우,전용기,한준호"
1473,송기헌,"고용진,김병주,김영배,김주영,김진표,김홍걸,박성준,안호영,임종성,장철민"
1474,박대출,"권명호,김성원,김영식,박성민,안병길,유의동,윤영석,이명수,조명희"
1475,정희용,"김병욱,김석기,김성원,김영식,김용판,김희곤,송언석,이채익,지성호,최춘식,추경호"
1476,강대식,"권영세,김병욱,김은혜,백종헌,신원식,유경준,유의동,이채익,조수진,주호영,허은아"
1477,유정주,"김영배,박정,서영교,소병훈,이광재,이수진,이수진,이원욱,정성호,한병도"
1478,송언석,"권명호,김석기,김용판,김정재,박덕흠,정진석,정희용,태영호,한무경"
1479,박대출,"권명호,김성원,김영식,박성민,유의동,윤영석,이명수,이영,조명희"
1480,정필모,"강준현,김성주,민형배,송옥주,오영환,윤재갑,이수진,이용빈,이해식,전혜숙,허영,홍익표,홍정민,황운하"
1481,민병덕,"김두관,김영호,김정호,박성준,송옥주,안규백,윤재갑,윤준병,이동주,이병훈,이용빈,천준호,최종윤"
1482,윤관석,"권칠승,김상희,김정호,송옥주,양향자,오영환,윤재갑,이용빈,이용선"
1483,김성원,"김용판,김정재,박대수,박덕흠,이양수,이주환,정희용,조명희,최춘식,태영호"
1484,강대식,"권영세,김병욱,김은혜,백종헌,신원식,유경준,유의동,조수진,주호영"
1485,강은미,"강민정,류호정,민형배,배진교,심상정,윤영덕,이은주,장혜영,조오섭"
1486,김주영,"고용진,김경협,김수흥,김승원,김영주,박상혁,박홍근,안호영,오영환,용혜인,윤후덕,이병훈,이수진,정일영,최인호"
1487,강은미,"류호정,민형배,배진교,심상정,용혜인,윤영덕,이은주,장혜영,조오섭"
1488,이성만,"강훈식,김병욱,김상희,맹성규,박정,서영석,신정훈,윤재갑,이수진,이용선,정일영"
1489,김성원,"김용판,김정재,김태호,박대수,박덕흠,이양수,이주환,정희용,조명희,최춘식,태영호"
1490,장제원,"강대식,김병욱,김성원,김승수,박대수,박덕흠,백종헌,윤한홍,이주환"
1491,강준현,null
1492,김성환,null
1493,윤호중,null
1494,김용판,"구자근,김예지,박대수,박덕흠,송언석,이종성,조명희,최춘식,추경호"
1495,윤호중,null
1496,강은미,"류호정,민형배,배진교,심상정,용혜인,윤영덕,이은주,장혜영,조오섭"
1497,장제원,"강대식,김병욱,김성원,김승수,박대수,박덕흠,백종헌,윤한홍,이주환"
1498,김성원,"김용판,김정재,김태호,박덕흠,이양수,이영,이주환,정희용,조명희"
1499,김병주,"김병기,김진표,설훈,안규백,오영환,이병훈,이형석,전용기,전혜숙,홍영표"
1500,조오섭,"강은미,김승남,김원이,문진석,민형배,송갑석,윤영덕,윤재갑,이원택,이형석,조응천"
1501,전용기,"김영배,김정호,박성준,서영교,오영환,윤재갑,장경태,장철민,최혜영,한병도,홍정민"
1502,윤재갑,"김승남,김주영,서영교,설훈,소병철,신정훈,위성곤,윤준병,이개호,홍문표"
1503,김민기,"강훈식,김정호,문진석,서영석,송옥주,임종성,정필모,조응천,홍성국"
1504,김민기,"강훈식,김정호,문진석,서영석,송옥주,임종성,정필모,조응천,홍성국"
1505,전주혜,"김승수,백혜련,서일준,서정숙,신원식,양금희,윤두현,윤창현,조명희,최승재,한무경"
1506,김예지,"김미애,김병욱,김선교,김승수,백종헌,신원식,유의동,정희용,추경호"
1507,전주혜,"김승수,서일준,서정숙,양금희,윤두현,윤창현,조명희,최승재,한무경"
1508,조오섭,"강은미,김승남,김영배,문진석,민형배,송갑석,윤영덕,윤재갑,이병훈,이학영,주철현,최종윤"
1509,조오섭,"강은미,김승남,문진석,민형배,송갑석,윤영덕,윤재갑,이병훈,이학영,이형석,주철현,최종윤"
1510,조오섭,"강은미,문진석,민형배,송갑석,윤영덕,이병훈,이학영,이형석,최종윤"
1511,최인호,"고영인,김주영,박상혁,박홍근,서동용,송기헌,위성곤,이학영,최기상"
1512,오영환,"강준현,김민철,김영호,김홍걸,문정복,박홍근,서영교,소병철,송영길,오영훈,윤관석,이소영,이해식,임호선,장경태,전용기,홍기원"
1513,최인호,"김주영,노웅래,박상혁,박홍근,서동용,서영교,위성곤,이원택,이학영,최기상"
1514,최인호,"김주영,노웅래,박상혁,박홍근,서동용,서영교,위성곤,이원택,이학영,최기상"
1515,최인호,"김주영,노웅래,박상혁,박홍근,서동용,서영교,위성곤,이원택,이학영,최기상"
1516,최인호,"김주영,노웅래,박상혁,박홍근,서동용,서영교,위성곤,이원택,이학영,최기상"
1517,태영호,"강기윤,권영세,김영식,김예지,박성민,배준영,송석준,이영,조경태,허은아,황보승희"
1518,김경만,"김홍걸,민병덕,박정,박홍근,서영교,서영석,송갑석,양향자,이성만,이학영,정태호,허종식"
1519,김도읍,"구자근,권명호,김석기,김정재,김태흠,양금희,이영,조명희,추경호"
1520,김민석,"강득구,강병원,강준현,박성준,박홍근,오영환,유정주,이광재,임호선,최기상,최혜영,한병도"
1521,장철민,"고영인,노웅래,박성준,박정,송옥주,오영환,윤준병,이상헌,이수진,임오경,전용기,홍영표,황운하"
1522,송재호,"강준현,고민정,김정호,김주영,서삼석,신정훈,양향자,윤준병,임호선,정일영,정필모"
1523,송재호,"강준현,고민정,김정호,김주영,서삼석,신정훈,양향자,윤준병,임호선,정일영,정필모"
1524,임호선,"강준현,김민석,김성환,박홍근,신현영,유정주,이학영,이해식,임오경,최기상,최혜영,한준호"
1525,송재호,"강준현,고민정,김정호,김주영,서삼석,신정훈,양향자,윤준병,임호선,정일영,정필모"
1526,송재호,"강준현,고민정,김정호,김주영,서삼석,신정훈,양향자,윤준병,임호선,정일영,정필모"
1527,송재호,"강준현,고민정,김정호,김주영,서삼석,신정훈,양향자,윤준병,임호선,정일영,정필모"
1528,윤영덕,"강득구,강민정,문진석,민형배,송갑석,위성곤,이병훈,이형석,주철현"
1529,김도읍,"구자근,권명호,김병욱,김석기,김정재,김태흠,이영,조명희,추경호"
1530,박대출,"강민국,권명호,권영세,김성원,김영식,박성민,윤영석,정동만,조명희"
1531,송재호,"김승남,김영배,김진표,김홍걸,소병철,오영훈,윤영덕,윤준병,이해식"
1532,이채익,"강대식,강민국,김형동,류성걸,서병수,성일종,정운천,주호영,하태경"
1533,문정복,"김교흥,김윤덕,김회재,문진석,박상혁,오영환,최혜영,한준호,홍성국"
1534,김주영,"강병원,고용진,김수흥,오영환,윤재갑,이수진,이용우,임오경,정일영"
1535,양정숙,"고용진,김병욱,김홍걸,위성곤,윤재갑,윤준병,이상헌,한병도,황운하"
1536,김회재,"강득구,강민정,김수흥,김승원,문진석,박정,소병훈,양경숙,양향자"
1537,윤미향,"권인숙,노웅래,송옥주,안호영,양이원영,용혜인,윤준병,이수진,임종성"
1538,송재호,"강준현,고민정,김정호,김주영,서삼석,신정훈,양향자,윤준병,임호선,정일영,정필모"
1539,허영,"강준현,김윤덕,김주영,박상혁,박홍근,소병훈,위성곤,유정주,윤건영,이개호,천준호"
1540,김민석,"강득구,강준현,박성준,박홍근,변재일,유정주,이광재,임호선,최기상,한병도"
1541,허영,"강준현,김윤덕,김홍걸,박상혁,박홍근,위성곤,유정주,윤건영,이개호,천준호"
1542,설훈,"김경만,김병주,김종민,김한정,양정숙,오영환,윤준병,전혜숙,황운하"
1543,임종성,"강선우,고용진,김경협,김민기,김상희,김정호,김주영,서영석,소병훈,양향자,임호선"
1544,김경만,"김진표,민병덕,민형배,박정,박홍근,서영석,송갑석,송재호,양향자,이성만,이학영,임종성,허종식,황운하"
1545,김경만,"민병덕,민형배,박정,박홍근,서영석,송갑석,송재호,양향자,이성만,이학영,임종성,허종식,황운하"
1546,허영,"강준현,김윤덕,박상혁,박홍근,소병훈,위성곤,유정주,윤건영,이개호,천준호"
1547,윤준병,"강민정,김경협,김정호,김주영,김철민,민형배,민홍철,박재호,송재호,신영대,오영환,윤영덕,윤재갑,이용빈"
1548,윤준병,"강민정,김경협,김정호,김주영,김철민,민형배,민홍철,박재호,송재호,신영대,오영환,윤영덕,윤재갑,이용빈"
1549,홍기원,"김경협,박영순,박홍근,우원식,윤준병,이용빈,정일영,천준호,최종윤"
1550,홍기원,"김경협,박영순,박홍근,우원식,윤건영,윤준병,이용빈,정일영,천준호,최종윤"
1551,김경만,"김진표,민병덕,민형배,박정,박홍근,서영석,송갑석,송재호,양향자,이성만,이학영,임종성,허종식,황운하"
1552,김상희,"남인순,소병훈,양정숙,양향자,윤관석,이상헌,이성만,이장섭,정춘숙,정필모"
1553,김경만,"김진표,민병덕,민형배,박홍근,서영석,송갑석,송재호,양향자,이성만,이학영,임종성,허종식,황운하"
1554,김상희,"강준현,김정호,류호정,서영교,윤관석,윤미향,윤영찬,이형석,최혜영"
1555,조경태,"김승수,김용판,박성민,백종헌,서정숙,정경희,정동만,조명희,태영호,하영제"
1556,우원식,"강민정,김두관,류호정,민병덕,박홍근,서영석,양이원영,오영환,윤건영,윤미향,윤준병,이용선,주철현,허영"
1557,양정숙,"고용진,김병욱,안호영,위성곤,윤재갑,윤준병,인재근,한병도,황운하"
1558,김경만,"김진표,민병덕,민형배,박정,박홍근,서영석,송갑석,양향자,이성만,이학영,임종성,정태호,허종식,황운하"
1559,김경만,"김남국,김진표,민병덕,민형배,박정,박홍근,서영석,송갑석,송재호,양향자,이성만,이학영,임종성,허종식,황운하"
1560,김병욱,"류성걸,박성민,배준영,유경준,이채익,조명희,조수진,추경호,태영호"
1561,태영호,"김영식,김정재,송석준,이영,이종배,이주환,장제원,조경태,최승재"
1562,황보승희,"김병욱,박대수,박성민,백종헌,서범수,유경준,전봉민,정동만,태영호,하영제,한무경"
1563,윤영석,"강기윤,구자근,권성동,박덕흠,서병수,윤창현,이종배,최형두,홍준표"
1564,이장섭,"김민철,김영배,김정호,노웅래,변재일,송갑석,이광재,이학영,인재근,최혜영,홍성국"
1565,강득구,"김정호,민병덕,박영순,양정숙,이광재,이수진,이원욱,임오경,전혜숙"
1566,정태호,"김경만,김교흥,김성주,김영배,박성준,신영대,윤준병,이동주,천준호,홍성국"
1567,강득구,"김정호,민병덕,박영순,박정,이광재,이수진,이원욱,임오경,전혜숙,정청래"
1568,이광재,"강선우,강훈식,김경협,김병기,김승원,김영주,김주영,김진표,박영순,박홍근,변재일,서영석,송옥주,송재호,안호영,어기구,윤영덕,윤준병,이장섭,이탄희,임호선,최기상,허영,허종식"
1569,임종성,"강선우,고용진,김민기,김상희,김주영,서영석,안호영,양향자,임호선"
1570,전봉민,"김도읍,김희곤,백종헌,서범수,안병길,양금희,이종성,정동만,황보승희"
1571,이해식,"고민정,고용진,김경협,김남국,김두관,김영배,김정호,김진표,박정,박홍근,서삼석,서영교,서영석,신정훈,윤영찬,윤준병,이병훈,임호선,전용기,전혜숙,정필모,조오섭,천준호,허영,홍기원,홍익표,황운하"
1572,추경호,"김성원,김승수,김예지,김용판,박대수,박완수,성일종,송석준,유경준,유의동,윤창현,이종배,이헌승,정진석,조명희"
1573,추경호,"권영세,김병욱,김성원,김예지,김형동,박대수,배현진,서병수,송석준,윤주경,윤창현,전주혜,정진석,조명희,허은아"
1574,강선우,"강준현,김교흥,김상희,김철민,신동근,안규백,안호영,양기대,양향자,유동수,이상헌,이수진,임종성,임호선,최종윤"
1575,노웅래,"김주영,김홍걸,송옥주,신정훈,양이원영,윤준병,이장섭,이해식,최인호,홍정민"
1576,노웅래,"김주영,송옥주,신정훈,양기대,양이원영,윤준병,이수진,이장섭,이해식"
1577,이용선,"김경협,김주영,소병철,양향자,이광재,이재정,이탄희,장철민,정필모"
1578,노웅래,"김주영,송옥주,신정훈,양기대,양이원영,윤준병,이해식,최인호,홍정민"
1579,노웅래,"김병기,서영석,송옥주,신정훈,양기대,양이원영,윤준병,이해식,최인호"
1580,노웅래,"김주영,송옥주,신정훈,양이원영,윤준병,이장섭,이해식,최인호,홍정민"
1581,노웅래,"김병기,김주영,소병훈,양기대,양이원영,윤준병,이수진,이장섭,이해식,장철민,한준호"
1582,이장섭,"김민철,김영배,김정호,노웅래,변재일,송갑석,이광재,이학영,인재근,최혜영,홍성국"
1583,이장섭,"김민철,김영배,김정호,노웅래,변재일,송갑석,이광재,이학영,인재근,최혜영,홍성국"
1584,이장섭,"김민철,김영배,김정호,노웅래,변재일,송갑석,이광재,이학영,인재근,최혜영,홍성국"
1585,서동용,"권인숙,김정호,김철민,도종환,박찬대,서삼석,유기홍,윤재갑,인재근"
1586,전봉민,"강기윤,김희곤,백종헌,서범수,안병길,양금희,이종성,정동만,황보승희"
1587,전봉민,"강기윤,김도읍,김희곤,백종헌,서범수,안병길,양금희,이종성,정동만,황보승희"
1588,고민정,"김두관,김성주,김영배,김정호,도종환,송재호,오영환,유정주,이규민,이용우,장경태,천준호,한병도"
1589,조경태,"김용판,박완수,백종헌,이채익,조명희,지성호,태영호,하영제,홍문표"
1590,조경태,"김용판,박완수,백종헌,이채익,조명희,지성호,태영호,하영제,홍문표"
1591,조경태,"김용판,박완수,백종헌,이채익,조명희,지성호,태영호,하영제,홍문표"
1592,김병욱,"김태흠,박성민,서병수,윤주경,이채익,이태규,정희용,조명희,주호영"
1593,이학영,"강선우,김홍걸,변재일,소병철,우원식,유기홍,윤재갑,이동주,이장섭,임호선,최기상"
1594,추경호,"구자근,김성원,김승수,김용판,박대수,박완수,성일종,송석준,유경준,윤창현,이종배,정진석,조명희"
1595,한준호,"김의겸,박성준,오영환,이용빈,임오경,조승래,천준호,홍성국,홍정민"
1596,이상헌,"김진표,박정,신동근,유동수,유정주,이동주,임오경,장철민,한병도"
1597,박영순,"강득구,김윤덕,김주영,김진표,남인순,민병덕,송재호,윤재갑,이용빈,임호선,장철민,조승래,허종식,황운하"
1598,이헌승,"강민국,김미애,김병욱,김성원,김정재,서병수,송석준,안병길,이양수,정동만,조명희,추경호,하영제,한무경,황보승희"
1599,고민정,"권칠승,김두관,김영배,김정호,송재호,오영환,유정주,장경태,한병도"
1600,이영,"김병욱,김승수,김용판,김정재,송언석,유경준,이명수,조명희,지성호,추경호,태영호,한무경"
1601,윤후덕,"김경만,김병욱,김성환,김주영,김철민,이동주,정성호,정일영,천준호"
1602,천준호,"고민정,김진표,문정복,민병덕,박상혁,박정,윤준병,이수진,한준호,홍기원"
1603,김병욱,"김태흠,박성민,배준영,백종헌,이태규,정희용,조명희,주호영,태영호"
1604,천준호,"고민정,김진표,문정복,민병덕,박상혁,박정,윤준병,이수진,한준호,홍기원"
1605,이병훈,"김경만,김정호,김주영,노웅래,서삼석,송재호,안규백,양향자,오영환,윤영덕,윤재갑,윤준병,이개호,임오경"
1606,고민정,"김두관,김민석,김영배,김정호,도종환,오영환,유정주,윤건영,윤준병,장경태,천준호,한병도,허종식"
1607,도종환,"강득구,고민정,권인숙,김예지,김철민,박정,서동용,설훈,신동근,오영환,윤준병,이병훈,이재정,이탄희,인재근,임오경,최혜영"
1608,박정,"김철민,김한정,김홍걸,박홍근,서동용,안민석,양기대,오영환,윤준병,이병훈,전혜숙"
1609,성일종,"강대식,권성동,김태흠,박진,박형수,서병수,송언석,양금희,유의동,윤영석,윤재갑,이달곤,이명수,이양수,이주환,이채익,조명희,조해진,주호영,한기호,한무경,홍문표"
1610,이해식,"김원이,김정호,노웅래,서영석,오영환,용혜인,윤준병,이수진,이학영"
1611,성일종,"김선교,김은혜,김태흠,박덕흠,백종헌,송석준,윤두현,윤창현,이종배,조명희,최춘식,추경호"
1612,강민국,"김은혜,박성민,안병길,이용,이채익,이헌승,정동만,조명희,홍성국"
1613,김한정,"김병욱,맹성규,박정,오영환,윤건영,이상헌,이성만,인재근,정필모"
1614,김한정,"김병욱,맹성규,박정,오영환,윤건영,이상헌,이성만,인재근,정필모"
1615,강민정,"강은미,고민정,김의겸,류호정,용혜인,우상호,이은주,전재수,최강욱"
1616,이영,"김영식,김용판,양금희,양향자,이명수,정경희,조명희,추경호,황보승희"
1617,박상혁,"김윤덕,김정호,김주영,문정복,민형배,민홍철,소병훈,송옥주,신동근,이원욱,임종성,임호선,정필모,천준호,최인호,허영"
1618,김승수,"김기현,김도읍,김병욱,김영식,김예지,서일준,신원식,윤두현,이명수,이용,이종배,이채익,전봉민,최형두,한무경"
1619,한병도,"김교흥,김민철,김승원,김영배,양정숙,오영환,이상헌,이용빈,전재수"
1620,서삼석,"김승남,김승원,김영배,김철민,박정,박홍근,서동용,소병철,송재호,신영대,양기대,오영환,윤재갑,윤준병,이개호,이수진,장경태,주철현"
1621,서삼석,"김승남,김영주,김원이,김주영,맹성규,민형배,박정,송재호,신정훈,안호영,오영환,위성곤,윤재갑,이개호,임종성,장경태,주철현,허종식"
1622,서삼석,"김승남,김승원,김영배,김철민,박정,박홍근,서동용,소병철,송재호,신영대,양기대,오영환,윤재갑,윤준병,이개호,이수진,장경태,주철현"
1623,송석준,"권영세,김병욱,김석기,박성민,박진,성일종,유경준,조경태,추경호"
1624,서삼석,"김승남,김영주,김원이,김주영,맹성규,민형배,박정,송재호,신정훈,안호영,오영환,위성곤,윤재갑,이개호,임종성,장경태,주철현,허종식"
1625,정동만,"강민국,김도읍,김병욱,서일준,이영,조경태,주호영,최승재,황보승희"
1626,서삼석,"김승남,김승원,김철민,박정,서동용,소병철,송재호,신영대,양기대,오영환,윤재갑,이개호,장경태,주철현"
1627,김상희,"강준현,김정호,남인순,서영교,송기헌,양향자,윤건영,윤영찬,이은주,정일영,정필모,최혜영"
1628,서삼석,"김승남,김영주,김원이,김주영,맹성규,민형배,박정,송재호,신정훈,안호영,오영환,위성곤,윤재갑,이개호,이원택,임종성,장경태,주철현,허종식"
1629,정필모,"김상희,김정호,김한정,민형배,박상혁,신동근,이병훈,이용빈,이정문,이형석"
1630,김형동,"김승수,김예지,김용판,김태호,배현진,백종헌,서병수,성일종,윤두현,이명수,이영,이종성,이채익,정운천,조명희,최승재,최춘식"
1631,신영대,"김병기,김성주,김영배,김정호,서삼석,위성곤,유정주,전재수,정태호,허영,홍정민"
1632,신영대,"김병기,김성주,박찬대,양정숙,이원택,전재수,정태호,최종윤,홍정민"
1633,박성준,"강민정,고용진,김경만,김민석,김진표,오영환,윤건영,임오경,정태호"
1634,박성준,"강민정,고용진,김민석,김진표,오영환,용혜인,윤건영,임오경,정태호"
1635,강민국,"김상훈,김은혜,박대출,박성민,박완수,신원식,안병길,윤창현,조명희,추경호,한무경"
1636,강민국,"김도읍,김은혜,박대출,박성민,신원식,안병길,윤창현,조명희,한무경"
1637,강민국,"김은혜,박대출,박성민,안병길,윤창현,정동만,조명희,추경호,한무경"
1638,유의동,"구자근,김예지,김용판,박덕흠,안호영,윤영석,윤재옥,이주환,전주혜,조명희,추경호,황보승희"
1639,김승남,"김승원,김원이,김의겸,김진표,민병덕,박주민,박홍근,서동용,서삼석,소병철,오기형,위성곤,윤재갑,윤준병,이상헌,이인영,주철현,최종윤,홍기원,홍정민"
1640,김상희,"권인숙,김민철,남인순,문정복,민병덕,박상혁,인재근,정필모,홍성국"
1641,유의동,"구자근,김예지,박덕흠,안호영,윤영석,이주환,전주혜,조명희,황보승희"
1642,윤주경,"김기현,김상훈,김영호,유의동,이채익,정운천,정진석,태영호,하태경"
1643,양기대,"강선우,김경만,김진표,민형배,박정,서삼석,오영환,오영훈,허종식"
1644,김성원,"김용판,김정재,박대수,이양수,이주환,임이자,정운천,조명희,주호영,최춘식,추경호"
1645,한병도,"김교흥,김민석,김민철,김승원,김영배,오영환,이상헌,이용빈,홍성국"
1646,한병도,"고민정,김교흥,김승원,김영배,김정호,양정숙,이상헌,이용빈,진성준"
1647,한병도,"김교흥,김민철,김승원,김영배,양정숙,오영환,이상헌,이용빈,진성준"
1648,한병도,"김교흥,김승원,김영배,양정숙,오영환,이상헌,이용빈,진성준,홍성국"
1649,홍성국,"강선우,김경만,김민기,김성주,남인순,박성준,윤재갑,이병훈,전용기,정일영,최혜영"
1650,김진표,"고용진,김병기,김병주,박성준,신정훈,안규백,정일영,천준호,홍영표"
1651,김진표,"고용진,김병기,김병주,박성준,신정훈,안규백,윤영찬,정일영,천준호,홍영표"
1652,윤준병,"김정호,김철민,민형배,민홍철,송재호,신영대,안호영,오영환,윤재갑,이광재,이용빈,이용호,홍기원"
1653,윤준병,"김정호,김철민,민형배,민홍철,송재호,신영대,오영환,윤재갑,이광재,이용빈,이용호,홍기원"
1654,안규백,"김수흥,김정호,박성준,양정숙,이수진,정일영,조승래,천준호,최강욱"
1655,황보승희,"강대식,김병욱,김승수,김영식,김웅,김희곤,박대수,백종헌,신원식,유의동,전봉민,전주혜,정경희,정동만,정찬민,정희용,조경태,조해진,최승재"
1656,윤준병,"김정호,김진표,민형배,신영대,양정숙,오영환,윤재갑,이용빈,최종윤"
1657,박성민,"강민국,김병욱,김상훈,김은혜,김정호,박덕흠,정동만,정운천,조경태,최춘식,하영제"
1658,조경태,"김석기,김용판,박성민,백종헌,서정숙,정경희,정동만,조명희,태영호,하영제"
1659,태영호,"권영세,김병욱,김영식,김예지,김정재,박성민,박진,송석준,유경준,조경태,조명희"
1660,송옥주,"노웅래,박상혁,안규백,양향자,윤관석,이광재,이수진,임종성,장철민"
1661,신영대,"김병기,김성주,박찬대,양정숙,이원택,전재수,정태호,최종윤,홍정민"
1662,주호영,"강대식,권명호,권영세,김병욱,김성원,배현진,임이자,정동만,정운천,한무경"
1663,신영대,"고영인,김병기,김성주,박찬대,서삼석,양정숙,이원택,전재수,정태호,최종윤,홍정민"
1664,김성원,"권영세,김용판,박대수,박대출,박덕흠,이영,조명희,주호영,최춘식"
1665,주호영,"김도읍,김병욱,김상훈,김태흠,김희곤,류성걸,박진,이용,정동만"
1666,주호영,"권은희,김병욱,김상훈,김석기,김희곤,류성걸,박진,이용,정동만"
1667,주호영,"김도읍,김병욱,김석기,김태흠,김희곤,류성걸,박진,이용,정동만"
1668,진성준,"김정호,박상혁,소병훈,우원식,위성곤,이상헌,이탄희,이해식,전혜숙,한병도"
1669,허은아,"강대식,김병욱,김영식,김정호,박완수,서일준,송언석,윤창현,이주환,정희용,조명희,추경호,태영호,한무경"
1670,민병덕,"김병욱,김영호,김정호,김철민,박성준,송옥주,안규백,윤재갑,이동주,이용빈,전혜숙,정태호,최종윤"
1671,김성원,"김상훈,김용판,김정재,박대수,이양수,이주환,임이자,정운천,조명희,주호영,최춘식,추경호"
1672,정필모,"김상희,민형배,박상혁,박홍근,양정숙,윤준병,이병훈,이용빈,이용선,이정문,이형석"
1673,최승재,"강대식,김미애,김병욱,김승수,김용판,김희곤,박성민,신원식,이종배,태영호,황보승희"
1674,이헌승,"박덕흠,박성민,서병수,송석준,이종배,이주환,주호영,최형두,하영제"
1675,서삼석,"김승남,김승원,김철민,박정,서동용,소병철,송재호,신영대,양기대,오영환,윤재갑,윤준병,이개호,장경태,주철현"
1676,송옥주,"권인숙,김상희,김영주,류호정,안호영,양향자,우원식,윤미향,윤준병,이수진,인재근,정춘숙"
1677,송옥주,"권인숙,김상희,김영주,남인순,류호정,안호영,양향자,우원식,윤미향,윤준병,이수진,인재근,정춘숙"
1678,송옥주,"권인숙,김상희,김영주,남인순,류호정,문정복,안호영,양향자,우원식,윤미향,윤준병,이수진,인재근,정춘숙"
1679,하태경,"김영주,김은혜,박대수,서병수,신원식,이철규,정진석,조명희,하영제,한기호,홍석준"
1680,박대수,"구자근,김선교,김용판,김태호,김희곤,안병길,양금희,이종성,이주환,조명희,지성호,추경호,황보승희"
1681,정태호,"강선우,김경만,김교흥,김병기,박용진,이용빈,임호선,전재수,황운하"
1682,이영,"김정재,신원식,양금희,유경준,유의동,전봉민,정동만,조명희,추경호,한무경"
1683,정태호,"강선우,김경만,김교흥,김병기,박용진,이용빈,임호선,전재수,황운하"
1684,조태용,"김기현,김상훈,박진,신원식,이태규,조명희,주호영,지성호,홍문표"
1685,이종성,"김미애,김승수,김영식,김예지,박대수,박형수,서일준,이명수,정운천"
1686,이종성,"구자근,김미애,김영식,박대수,서일준,이명수,이종배,정운천,조명희"
1687,김성원,"김용판,김정재,박대수,이양수,이주환,임이자,정운천,조명희,주호영,최춘식,추경호"
1688,이달곤,"김예지,김태호,박정,배현진,윤두현,윤상현,이용,조명희,최형두"
1689,김성원,"김용판,김정재,박대수,이양수,이주환,임이자,정운천,조명희,주호영,최춘식,추경호"
1690,조경태,"김용판,박완수,백종헌,이채익,조명희,지성호,태영호,하영제,홍문표"
1691,조경태,"김용판,박완수,백종헌,이채익,조명희,지성호,태영호,하영제,홍문표"
1692,박상혁,"김주영,민형배,박홍근,송옥주,신동근,안호영,어기구,이수진,이정문,임오경,최인호"
1693,김성환,"김경만,김승원,김주영,김진표,민병덕,박완주,박찬대,박홍근,소병철,송재호,신영대,신정훈,신현영,양이원영,윤건영,윤준병,이동주,이병훈,이수진,이용우,이원택,이학영,임호선,정일영,홍정민"
1694,이병훈,"김병주,노웅래,박성준,박정,오영환,유정주,윤준병,이장섭,이형석,임오경,전혜숙"
1695,인재근,"김경만,민병덕,서동용,소병훈,송갑석,송옥주,안규백,조오섭,최종윤"
1696,민형배,"고영인,김성주,김승남,김영배,민병덕,박주민,박홍근,안호영,위성곤,유정주,윤준병,이수진,이용선,이해식,장경태,한병도"
1697,백종헌,"구자근,박완수,서병수,안병길,장제원,전봉민,조경태,조명희,황보승희"
1698,최기상,"권인숙,기동민,남인순,민병덕,박상혁,양향자,윤관석,이학영,임호선"
1699,박상혁,"김성주,김윤덕,김정호,민형배,안호영,이용호,이정문,임오경,임종성,전재수,천준호,최인호,홍기원"
1700,박대수,"김성원,박성민,배준영,신원식,윤영석,이종성,조명희,추경호,하태경"
1701,홍정민,"김정호,박완주,변재일,송기헌,신정훈,유정주,이원욱,이탄희,전용기,조승래"
1702,강병원,"김성환,박성준,설훈,오영환,윤영덕,윤영찬,윤준병,이용우,임호선"
1703,홍정민,"김정호,박완주,변재일,송기헌,신정훈,유정주,이원욱,이탄희,전용기,조승래"
1704,강병원,"김두관,김성환,박성준,설훈,오영환,윤영덕,윤영찬,윤준병,이용우,임호선"
1705,유동수,"노웅래,박정,안호영,어기구,윤관석,이개호,이성만,인재근,정일영,허종식"
1706,홍정민,"김정호,박완주,변재일,송기헌,신정훈,유정주,이원욱,이원택,전용기"
1707,서병수,"류성걸,박형수,양금희,이종배,이주환,이헌승,임이자,정운천,최승재"
1708,홍성국,"강선우,강준현,김경만,김민기,김성주,김정호,남인순,박성준,윤영찬,윤재갑,윤준병,이병훈,전용기,정일영,최혜영"
1709,허영,"김성환,박상혁,박재호,송기헌,신정훈,오영환,유정주,윤준병,이광재,홍기원,홍성국"
1710,이양수,"권성동,김성원,김은혜,성일종,안병길,정운천,정진석,홍문표,홍석준"
1711,홍영표,"고영인,김경협,김정호,김종민,김진표,신동근,안규백,오영환,장철민"
1712,조태용,"박진,배현진,송언석,윤두현,윤주경,이영,조명희,주호영,지성호,추경호,태영호"
1713,강병원,"김두관,김성환,박성준,설훈,오영환,윤영덕,윤영찬,윤준병,이용우,임호선"
1714,윤재갑,"고민정,김경만,김경협,김남국,김병주,김승남,김영주,김진표,남인순,문진석,민병덕,박영순,서동용,서삼석,서영교,설훈,소병철,신정훈,양정숙,오영환,오영훈,위성곤,윤영덕,윤준병,이개호,이병훈,이상헌,이수진,이수진,장경태,정태호,주철현,진성준,최강욱,최형두,허영,허종식,홍문표"
1715,윤재갑,"고민정,김경협,김남국,김병주,김승남,김진표,남인순,문진석,민병덕,박영순,서동용,서삼석,서영교,설훈,소병철,신정훈,양정숙,오영환,오영훈,위성곤,윤영덕,윤준병,이개호,이병훈,이상헌,이수진,장경태,정태호,주철현,진성준,최강욱,최형두,허영,허종식,홍문표"
1716,김승수,"김상훈,김영식,김예지,김용판,김형동,서일준,이용,이채익,최형두,추경호"
1717,윤재갑,"고민정,김경만,김경협,김남국,김병주,김승남,김영주,김진표,남인순,문진석,민병덕,박영순,서동용,서삼석,서영교,설훈,소병철,신정훈,양정숙,오영환,오영훈,위성곤,윤영덕,윤준병,이개호,이병훈,이상헌,이수진,장경태,정일영,정태호,주철현,진성준,최강욱,최형두,허영,허종식,홍문표"
1718,윤재갑,"고민정,김경만,김경협,김남국,김병주,김승남,김영주,김진표,남인순,문진석,민병덕,박영순,서동용,서삼석,서영교,설훈,소병철,신정훈,양정숙,오영환,오영훈,위성곤,윤영덕,윤준병,이개호,이병훈,이상헌,이수진,장경태,정일영,정태호,주철현,진성준,최강욱,최형두,허영,허종식,홍문표"
1719,권칠승,"강병원,권인숙,김정호,오영환,윤관석,임종성,임호선,전용기,전재수"
1720,김승수,"김상훈,김영식,김예지,김용판,김형동,서일준,이용,이채익,최형두,추경호"
1721,이명수,"김병욱,김상훈,김승수,서범수,서정숙,이종성,이주환,장제원,정진석"
1722,박정,"김홍걸,김회재,남인순,박성준,오영환,유정주,이상헌,이수진,임오경"
1723,윤준병,"김수흥,안호영,양정숙,오영환,오영훈,위성곤,이용호,최종윤,한병도"
1724,김성원,"김정재,박대수,이양수,이주환,임이자,정운천,조명희,주호영,최춘식"
1725,태영호,"권명호,권영세,김영식,박성중,송석준,송언석,조경태,조명희,최승재"
1726,김회재,"강준현,김수흥,김정호,김주영,노웅래,민형배,박영순,양경숙,윤재갑,이용빈,이용우,정일영,주철현"
1727,장경태,"강병원,김민철,김영배,김의겸,민형배,박상혁,박영순,이용빈,이원택"
1728,하영제,"구자근,김석기,김용판,배현진,윤창현,이주환,정동만,조경태,조명희"
1729,권영세,"강대식,김선교,김용판,배현진,윤두현,조명희,주호영,추경호,태영호"
1730,이학영,"김교흥,민병덕,박상혁,박완주,박홍근,우원식,이동주,이성만,진성준"
1731,조명희,"김석기,김성원,박덕흠,박진,성일종,조경태,추경호,하영제,홍문표"
1732,하영제,"구자근,김석기,김용판,김은혜,윤창현,이주환,정동만,조경태,조명희"
1733,하영제,"구자근,김미애,김석기,김용판,김은혜,박덕흠,배현진,윤창현,이주환,조경태,조명희"
1734,김회재,"김정호,김주영,민형배,박영순,양경숙,윤재갑,이용빈,정일영,주철현"
1735,하영제,"구자근,김석기,김용판,김은혜,박덕흠,윤창현,이주환,조경태,조명희"
1736,이용우,"김원이,김진표,김회재,민병덕,민형배,오기형,윤준병,이수진,전재수"
1737,허영,"강선우,김성환,김윤덕,김진표,노웅래,민형배,소병훈,송기헌,오영환,윤건영,임호선,전재수"
1738,허영,"강선우,김성환,김윤덕,김진표,노웅래,민형배,소병훈,송기헌,오영환,윤건영,윤준병,임호선,전재수,홍성국"
1739,허영,"강선우,김성환,김윤덕,김진표,노웅래,민형배,소병훈,송기헌,오영환,임호선,전재수,홍성국"
1740,임호선,"강선우,강준현,고용진,권칠승,박용진,박홍근,오영환,최혜영,홍익표"
1741,장제원,"강기윤,김도읍,김병욱,김상훈,김성원,박대수,윤한홍,조명희,태영호"
1742,장제원,"권영세,김성원,박대수,박덕흠,박성중,윤한홍,조명희,조태용,태영호"
1743,정진석,"강기윤,구자근,권명호,권성동,김기현,김병욱,김석기,김선교,김성원,김예지,김정재,김태호,김태흠,김희곤,박대수,박덕흠,배준영,서일준,서정숙,성일종,송언석,엄태영,유상범,윤두현,윤주경,이명수,이양수,이영,이용,이종배,이종성,이채익,이철규,정경희,정동만,정운천,정희용,조명희,조해진,주호영,지성호,최춘식,최형두,추경호,태영호,하태경,한무경,홍문표"
1744,서일준,"강기윤,김기현,김용판,김정재,김태흠,김형동,서병수,송언석,양금희,이종성,이주환,조명희,최형두,추경호,하영제"
1745,윤관석,"강선우,고용진,김교흥,김영배,남인순,안규백,오영환,이성만,임호선"
1746,조경태,"김용판,백종헌,윤두현,이명수,이채익,정경희,정동만,조명희,하영제"
1747,이종성,"강기윤,김영식,김예지,박대수,박성중,서일준,서정숙,정운천,조명희"
1748,하영제,"구자근,김미애,김석기,김용판,박덕흠,배현진,윤창현,이주환,조경태,조명희"
1749,최종윤,"강병원,김성주,도종환,민병덕,박상혁,소병훈,윤준병,이인영,인재근,조승래"
1750,최종윤,"강병원,김성주,도종환,민병덕,박상혁,소병훈,윤준병,이인영,인재근,조승래"
1751,조명희,"김석기,김용판,박대수,박덕흠,성일종,조경태,추경호,하영제,홍문표"
1752,권영세,"강대식,김기현,김선교,김용판,박덕흠,배현진,윤두현,조명희,추경호"
1753,조명희,"김석기,김용판,박대수,박덕흠,성일종,조경태,추경호,하영제,홍문표"
1754,이주환,"김성원,김용판,배준영,서병수,서일준,양금희,윤창현,전봉민,조경태,조명희,한무경,허은아"
1755,최종윤,"김성주,도종환,민병덕,박상혁,소병훈,윤준병,이인영,인재근,조승래,홍기원"
1756,최종윤,"김성주,김홍걸,도종환,민병덕,박상혁,소병훈,윤준병,이인영,인재근,조승래"
1757,이종성,"김영식,김예지,김용판,김태호,박대수,박성중,서정숙,정운천,조명희"
1758,고영인,"김민기,김용민,서영교,서영석,이용선,이용우,이탄희,이형석,인재근,최기상"
1759,김회재,"강득구,김수흥,김정호,송옥주,양경숙,양향자,이광재,이용빈,전용기,허영"
1760,김정호,"고용진,김병욱,김성환,김회재,민홍철,서동용,양향자,어기구,윤후덕,이병훈,이탄희,전혜숙,정춘숙,허종식"
1761,박홍근,"김승남,김원이,김정호,서영석,송옥주,용혜인,우원식,위성곤,이상헌,최인호,한준호,황운하"
1762,이주환,"김성원,김용판,배준영,서병수,서일준,양금희,윤창현,전봉민,조경태,조명희,한무경,허은아"
1763,한무경,"구자근,권명호,김영식,송언석,이철규,전주혜,조명희,최승재,허은아"
1764,김정호,"고용진,김병욱,김성환,김회재,민홍철,서동용,양향자,어기구,위성곤,윤후덕,이병훈,이탄희,전혜숙,정춘숙,허종식"
1765,김정호,"고용진,김병욱,김성환,김회재,민홍철,서동용,양향자,어기구,윤후덕,이병훈,이탄희,전혜숙,정춘숙,허종식"
1766,이동주,"강병원,강훈식,고영인,김경만,김정호,박상혁,박홍근,이상헌,이성만,이용빈,임종성,임호선,정태호,홍정민,황운하"
1767,김정호,"고용진,김성환,민홍철,서동용,소병철,양향자,어기구,윤후덕,이병훈,이탄희,전혜숙,정춘숙,허종식"
1768,김정호,"김성환,서동용,소병철,양향자,어기구,윤후덕,이병훈,이탄희,전혜숙,정춘숙,정필모,허종식"
1769,최승재,"구자근,김병욱,박형수,윤영석,이영,이주환,정동만,정희용,태영호,황보승희"
1770,홍정민,"강선우,김병욱,김수흥,민형배,변재일,신정훈,양향자,유정주,이용빈,조승래,황운하"
1771,홍정민,"김정호,김주영,민형배,박성준,박완주,신정훈,오영환,유정주,전용기,한준호"
1772,홍정민,"강선우,김병욱,김수흥,민형배,변재일,신정훈,유정주,이용빈,조승래,황운하"
1773,김태년,"강득구,김민석,김성환,박홍근,신동근,오영환,윤영찬,윤준병,이광재,장경태,정춘숙,홍성국,홍영표"
1774,조명희,"김석기,김성원,박대수,박덕흠,조경태,추경호,하영제,허은아,홍문표"
1775,조경태,"김용판,박완수,백종헌,이채익,조명희,지성호,태영호,하영제,홍문표"
1776,조경태,"김용판,박완수,백종헌,이채익,조명희,지성호,태영호,하영제,홍문표"
1777,박상혁,"김정호,김주영,송옥주,안호영,어기구,이용빈,이용호,임오경,진성준"
1778,윤재갑,"김정호,민병덕,송갑석,양정숙,위성곤,윤관석,이개호,이용빈,이정문"
1779,진성준,"김정호,박상혁,우원식,위성곤,윤미향,이동주,이상헌,이해식,전혜숙"
1780,서영석,"강준현,김민기,김상희,김성주,남인순,문진석,박상혁,박홍근,변재일,설훈,신현영,윤준병,이용호,이정문,인재근,최연숙,최혜영,홍정민"
1781,이상헌,"김홍걸,류호정,박완주,박홍근,송옥주,유정주,윤재갑,전용기,조승래"
1782,최혜영,"강선우,강준현,고민정,고용진,권인숙,김경만,김상희,김예지,김원이,김정호,김진표,도종환,류호정,민병덕,배진교,서삼석,서정숙,송옥주,신현영,심상정,용혜인,유정주,윤영덕,이장섭,이종성,인재근,임호선,장혜영,전혜숙,정일영,정청래,정태호,천준호,최강욱,최연숙,한준호,홍익표,홍정민"
1783,윤주경,"강기윤,김희곤,배준영,서범수,윤두현,윤창현,정운천,태영호,홍문표"
1784,권영세,"김은혜,박대출,박완수,배현진,송언석,윤두현,임이자,장제원,지성호,최연숙,태영호"
1785,우원식,"김성환,김원이,문정복,문진석,민병덕,송옥주,양이원영,윤미향,윤준병,윤후덕,이동주,이수진,임종성,조오섭,주철현,진성준"
1786,전용기,"김남국,김승원,김영배,오영환,유정주,이수진,임오경,최혜영,한병도,홍정민"
1787,윤영찬,"강병원,김진표,박홍근,변재일,서삼석,오영환,오영훈,윤준병,이병훈,이용빈,이장섭,이학영,홍성국,홍정민"
1788,장제원,"권성동,김예지,박대수,배현진,서정숙,송석준,윤한홍,이채익,태영호"
1789,민형배,"김민철,김병욱,김영배,김의겸,김정호,김철민,민병덕,박상혁,박정,유정주,윤준병,이수진,이정문,정일영,홍정민,황운하"
1790,백종헌,"강기윤,구자근,서정숙,유경준,장제원,정운천,조경태,지성호,최춘식"
1791,김태흠,"구자근,김병욱,김태호,김형동,박성민,서일준,이명수,정점식,지성호"
1792,김태흠,"구자근,김병욱,김태호,김형동,박성민,서일준,이명수,정점식,지성호"
1793,김태흠,"구자근,김병욱,김태호,김형동,박성민,서일준,이명수,정점식,지성호"
1794,우원식,"김교흥,문진석,박홍근,양향자,이동주,인재근,정일영,조오섭,주철현,홍기원"
1795,윤영찬,"강병원,김상희,김정호,박홍근,변재일,오영환,오영훈,이용빈,이장섭,전혜숙,정필모"
1796,남인순,"강선우,강준현,권인숙,김성주,서영석,양향자,이용선,인재근,정춘숙,최연숙,홍성국"
1797,박상혁,"김성주,김윤덕,김정호,민형배,안호영,이정문,임오경,임종성,전재수,천준호,최인호,홍기원"
1798,조명희,"김석기,김성원,박대수,성일종,조경태,추경호,하영제,허은아,홍문표"
1799,조명희,"김석기,김성원,박대수,박덕흠,조경태,추경호,하영제,허은아,홍문표"
1800,임종성,"김성환,김영주,서영석,송옥주,우원식,이수진,이원욱,임호선,홍성국"
1801,김상희,"강준현,김정호,남인순,류호정,양정숙,용혜인,윤미향,이은주,전혜숙"
1802,백종헌,"강기윤,구자근,서정숙,유경준,장제원,정운천,조경태,최연숙,최춘식"
1803,인재근,"김경만,김한정,남인순,민병덕,서동용,서영석,소병훈,송옥주,안규백,윤미향,최종윤,최혜영"
1804,백종헌,"강기윤,구자근,서정숙,유경준,장제원,정운천,조경태,지성호,최춘식"
1805,김민석,"강득구,강병원,고영인,김정호,박성준,양정숙,오영환,이광재,최혜영,홍정민"
1806,김경만,"강선우,김정호,김진표,김홍걸,박홍근,송옥주,신정훈,임오경,홍성국"
1807,신원식,"강기윤,강대식,강민국,권명호,김병욱,김석기,김선교,김예지,김웅,김희곤,박진,서일준,성일종,안병길,양금희,윤두현,이명수,이철규,정희용,조명희,조태용,주호영,지성호,최승재,최춘식,하태경,한무경"
1808,조명희,"강민국,김석기,김성원,박대수,서범수,이영,조경태,추경호,하영제"
1809,김경만,"강선우,김정호,김진표,김홍걸,박홍근,송옥주,신정훈,윤건영,임오경,홍성국"
1810,이재정,"강득구,민병덕"
1811,김승남,"김회재,맹성규,민병덕,서동용,윤재갑,이수진,이원택,주철현,최종윤"
1812,김승남,"고영인,김정호,민병덕,서동용,송갑석,위성곤,윤재갑,이상헌,이수진,정청래,주철현,홍정민"
1813,김상희,"김의겸,김정호,류호정,서영교,송기헌,윤관석,윤미향,이은주,이형석,최혜영"
1814,박완주,"김영진,김정호,소병훈,오영환,윤미향,이상헌,임호선,전용기,홍정민"
1815,송재호,"강준현,김영배,남인순,류호정,오영훈,위성곤,조오섭,최종윤,홍성국"
1816,강선우,"강병원,김경만,김수흥,안규백,양기대,윤준병,이상헌,이수진,이수진,임종성,임호선,최종윤,홍성국"
1817,서동용,"권인숙,김정호,김철민,도종환,박찬대,서영석,안민석,유기홍,이동주,인재근"
1818,서삼석,"강병원,김승원,김철민,박홍근,설훈,송재호,신정훈,양기대,어기구,오영환,위성곤,이개호,임호선,주철현,최종윤,허종식,홍성국"
1819,서삼석,"강병원,김승원,김철민,박홍근,설훈,송재호,신정훈,양기대,어기구,오영환,위성곤,이개호,임호선,주철현,최종윤,허종식"
1820,문진석,"김정호,서영석,송갑석,윤영덕,이정문,이형석,인재근,조오섭,조응천,홍익표"
1821,위성곤,"김승남,김원이,양정숙,윤재갑,윤준병,이개호,이용빈,이원택,최인호"
1822,박완수,"강민국,구자근,권영세,김용판,김정재,배준영,서범수,최춘식,최형두"
1823,조명희,"강민국,김석기,김성원,박대수,박덕흠,조경태,추경호,하영제,홍문표"
1824,서동용,"권인숙,김정호,김철민,도종환,박찬대,안민석,유기홍,이동주,인재근"
1825,임호선,"강병원,강선우,고영인,권칠승,김종민,백혜련,오영환,이동주,임오경"
1826,최강욱,"강민정,김남국,김의겸,김종민,문진석,안민석,오영환,윤영덕,황운하"
1827,최강욱,"강민정,김남국,김의겸,김종민,문진석,안민석,오영환,윤영덕,황운하"
1828,이장섭,"김민철,김영배,김영호,송갑석,양정숙,이동주,이학영,임호선,최혜영"
1829,김용판,"김기현,김성원,김예지,박대수,박덕흠,박수영,서일준,이종성,이채익,정희용,조경태,조명희,추경호"
1830,성일종,"김기현,김희곤,박덕흠,박진,신원식,이태규,임이자,조명희,지성호"
1831,정동만,"강민국,김도읍,김병욱,서일준,이영,조경태,조명희,주호영,최승재"
1832,김도읍,"구자근,김성원,서병수,신원식,유상범,조명희,조수진,주호영,추경호"
1833,정일영,"박성민,서범수,송갑석,신정훈,양이원영,윤영덕,이용빈,조오섭,최종윤,홍기원"
1834,민형배,"김민철,김병욱,김영배,김의겸,김정호,김철민,도종환,박정,서영교,윤건영,윤준병,이수진,이용선,이정문,정태호,홍정민"
1835,민형배,"김민철,김병욱,김영배,김의겸,김정호,김철민,도종환,박정,서영교,윤건영,윤준병,이수진,이용선,이정문,정태호,홍정민"
1836,서범수,"김용판,김형동,박완수,박재호,서영교,이명수,이은주,조명희,최춘식,추경호"
1837,서범수,"구자근,김도읍,김희곤,박덕흠,박재호,양금희,윤영석,이용,조명희,최형두,추경호,황보승희"
1838,성일종,"김선교,김정재,김태흠,박덕흠,윤두현,조명희,조수진,최춘식,추경호"
1839,홍석준,"김석기,김정재,김태호,서일준,이철규,이헌승,정운천,조명희,주호영,지성호,추경호"
1840,김도읍,"구자근,김성원,김승수,서병수,신원식,유상범,조명희,주호영,추경호"
1841,김석기,"김선교,김예지,김희국,박형수,송언석,정진석,조명희,조태용,주호영,지성호,추경호,태영호"
1842,강병원,"강선우,김경만,김두관,김성환,김정호,도종환,박성준,오영환,윤영덕,윤영찬,윤준병,이수진,이용우,임호선,장경태,홍성국,홍정민,황운하"
1843,윤후덕,"고용진,김수흥,김영진,김주영,김태년,양향자,이원욱,이형석,전혜숙,정성호,정일영"
1844,이병훈,"고영인,김경만,김정호,노웅래,박정,양향자,어기구,오영환,윤영덕,이개호,이장섭,이형석,임오경,전혜숙"
1845,이병훈,"고영인,김경만,김정호,노웅래,박정,양향자,어기구,오영환,윤영덕,이개호,이장섭,이형석,임오경,전혜숙,홍성국"
1846,윤재갑,"김정호,서동용,양정숙,어기구,위성곤,이개호,이동주,주철현,허종식"
1847,홍성국,"강선우,김경만,김성주,김정호,남인순,박성준,윤재갑,이병훈,전용기,정일영,최혜영"
1848,소병훈,"김민기,김정호,김한정,문정복,송옥주,오영환,윤재갑,윤준병,이형석,인재근"
1849,양금희,"김형동,서일준,윤창현,이영,이주환,임이자,전봉민,지성호,태영호"
1850,박성준,"고용진,권칠승,김경만,김영호,양경숙,양향자,임오경,한준호,홍성국"
1851,인재근,"김경만,김승남,김한정,남인순,민병덕,서동용,소병훈,송옥주,오영훈,최종윤,최혜영"
1852,박성준,"고용진,권칠승,김경만,김영호,김홍걸,양향자,임오경,한준호,홍성국"
1853,최춘식,"구자근,권명호,김성원,김희곤,박대수,박완수,서병수,안병길,이명수"
1854,고민정,"김민석,김상희,김용민,김의겸,김정호,민형배,박완주,박홍근,배진교,신정훈,안민석,오영환,용혜인,윤건영,윤영덕,윤준병,이병훈,이수진,이용선,이탄희,주철현,진성준,천준호,최승재,허영,황운하"
1855,황보승희,"구자근,박성중,배현진,서범수,유경준,유의동,윤한홍,이영,조명희"
1856,황보승희,"구자근,박성중,배현진,서범수,유경준,유의동,윤한홍,이영,조명희"
1857,송옥주,"김수흥,박상혁,송재호,양정숙,윤미향,윤준병,이수진,장철민,최종윤"
1858,안호영,"노웅래,민형배,박상혁,송옥주,양정숙,윤미향,윤준병,이수진,이해식,임종성,장철민"
1859,구자근,"김도읍,김예지,박대수,박성중,서범수,이명수,이주환,최춘식,홍준표"
1860,최혜영,"강준현,기동민,김민석,김정호,남인순,문정복,신동근,오영환,위성곤,이장섭,인재근,정춘숙"
1861,정청래,"강득구,김승남,김영배,박정,양이원영,유정주,이상헌,이수진,임오경"
1862,신정훈,"김성환,김영호,김원이,서삼석,서영교,유정주,윤재갑,이상헌,이성만,이원택,이장섭,홍정민"
1863,박완수,"권영세,김용판,김태호,배준영,서범수,윤주경,이명수,최춘식,최형두"
1864,이종성,"김상훈,김예지,김용판,김형동,박형수,서일준,정운천,정진석,조명희"
1865,송기헌,"김영배,김정호,류호정,박주민,송옥주,오영환,용혜인,윤관석,주철현"
1866,서삼석,"강병원,김승원,김철민,송재호,신정훈,양기대,어기구,오영환,위성곤,이개호,임호선,주철현,최종윤"
1867,이종성,"김상훈,김예지,김용판,김형동,박형수,서일준,정운천,정진석,조명희"
1868,조응천,"김교흥,김두관,김민기,김정호,김철민,문진석,오영환,우원식,한준호"
1869,김기현,"강민국,김상훈,김석기,김승수,김태호,박성민,서정숙,윤주경,이만희,이채익,정희용,조명희,주호영,최연숙"
1870,유기홍,"김철민,김홍걸,노웅래,송옥주,안민석,오영환,이정문,전혜숙,최인호"
1871,유기홍,"김철민,노웅래,송옥주,안민석,오영환,이원욱,이정문,이학영,전혜숙,최인호"
1872,김기현,"김도읍,김상훈,김석기,김승수,박성민,박진,백종헌,안병길,양금희,윤두현,윤주경,이채익,전주혜,정진석,정찬민,정희용,지성호,추경호,하영제,허은아"
1873,김회재,"강병원,김수흥,서동용,송옥주,송재호,이개호,이해식,이형석,허영"
1874,이수진,"고영인,김승남,김정호,민형배,양정숙,용혜인,장경태,정청래,최연숙"
1875,이수진,"강선우,김의겸,김정호,송갑석,양이원영,윤후덕,이해식,이형석,임오경"
1876,조응천,"김교흥,김두관,김민기,김정호,김철민,문진석,오영환,우원식,이용우,한준호"
1877,이수진,"강선우,김의겸,김정호,송갑석,양이원영,윤후덕,이해식,이형석,임오경"
1878,이명수,"김승수,김형동,류성걸,배현진,양금희,이영,임이자,조명희,태영호"
1879,이명수,"김승수,김형동,류성걸,배현진,양금희,이영,조명희,최춘식,태영호"
1880,김용판,"구자근,김성원,김예지,박대수,박덕흠,서일준,송언석,이종성,조명희,최춘식,추경호"
1881,박정,"김경협,도종환,문진석,어기구,유정주,이병훈,이상헌,임오경,전용기,정성호"
1882,권명호,"김도읍,양금희,유경준,이주환,이철규,임이자,정운천,최승재,최춘식,한무경"
1883,조승래,"김상희,김정호,도종환,소병철,양정숙,이용빈,이원욱,한준호,홍익표"
1884,이수진,"강선우,김남국,김의겸,민형배,송갑석,양이원영,이해식,이형석,임오경"
1885,배현진,"김상훈,김예지,박대수,윤영석,이달곤,정희용,조경태,조명희,추경호,황보승희"
1886,조명희,"김석기,김성원,박덕흠,정동만,조경태,추경호,하영제,홍문표,황보승희"
1887,조명희,"김석기,김성원,박대수,이영,정동만,조경태,추경호,하영제,황보승희"
1888,김예지,"김선교,김용판,김희국,배현진,유의동,이종성,장혜영,지성호,추경호"
1889,김예지,"김선교,김용판,김희국,배현진,유의동,이종성,장혜영,지성호,추경호"
1890,임이자,"구자근,권명호,권영세,김성원,김태흠,김형동,박대수,조명희,추경호"
1891,김예지,"김선교,김용판,김희국,배현진,유의동,이종성,장혜영,지성호,추경호"
1892,임이자,"구자근,권명호,권영세,김성원,김태흠,김형동,박대수,조명희,추경호"
1893,김미애,"김기현,김용판,박대수,박덕흠,서정숙,이종성,이철규,전주혜,조명희,추경호"
1894,조명희,"김석기,김성원,박대수,박덕흠,성일종,조경태,추경호,하영제,홍문표"
1895,조명희,"김석기,김성원,박대수,박덕흠,성일종,조경태,추경호,하영제,홍문표"
1896,이원욱,"김정호,양경숙,양정숙,양향자,오영환,이용빈,조승래,최종윤,홍성국,홍익표"
1897,서동용,"권인숙,김정호,김철민,도종환,박찬대,서영석,안민석,유기홍,이동주,인재근"
1898,전재수,"고영인,김성환,김정호,박상혁,신영대,유정주,윤준병,이광재,인재근,임종성"
1899,전재수,"고영인,김성환,김정호,박상혁,신영대,유정주,이광재,인재근,임종성"
1900,박완수,"권영세,김용판,김형동,배준영,서범수,윤주경,이명수,최춘식,최형두"
1901,소병철,"김두관,김승남,김정호,민홍철,신정훈,오영환,윤미향,이정문,이학영,조승래,최강욱"
1902,정청래,"김승남,김승원,김의겸,박정,송갑석,양이원영,오영환,이수진,최혜영"
1903,강선우,"강병원,김수흥,김영배,남인순,양이원영,유정주,윤준병,이수진,임호선,조승래,허종식,홍성국"
1904,강선우,"강병원,김수흥,김영배,김한정,남인순,박성준,양이원영,위성곤,유정주,윤준병,이수진,임종성,임호선,조승래,허종식,홍성국"
1905,이종배,"김병욱,김승수,박대수,서병수,성일종,윤영석,추경호,홍문표,홍석준"
1906,박성준,"강훈식,고용진,김경만,김정호,김홍걸,소병철,양향자,정일영,홍성국"
1907,정청래,"김승남,김승원,김의겸,박정,서영교,오영환,유정주,이수진,최혜영"
1908,유정주,"권인숙,김의겸,박정,신동근,이병훈,이상헌,이탄희,임오경,장경태"
1909,권명호,"김도읍,양금희,유경준,이주환,이철규,임이자,정운천,최승재,최춘식,한무경"
1910,윤영찬,"강병원,김상희,김정호,서영교,오영환,오영훈,이용빈,이원욱,임오경,임호선,홍익표"
1911,성일종,"김상훈,김형동,윤창현,이명수,이양수,이채익,조명희,최춘식,추경호"
1912,조명희,"김석기,김성원,박덕흠,이영,조경태,추경호,하영제,홍문표,황보승희"
1913,조명희,"김석기,김성원,박대수,박덕흠,성일종,조경태,추경호,하영제,홍문표"
1914,홍성국,"강선우,김경만,김성주,남인순,박성준,윤영찬,윤재갑,윤준병,이병훈,이원욱,정일영,천준호,최혜영"
1915,조명희,"김석기,김성원,박대수,박덕흠,성일종,조경태,추경호,하영제,홍문표"
1916,박대수,"강기윤,김성원,김형동,박성민,배현진,양금희,용혜인,이종성,장제원"
1917,조명희,"김석기,김성원,김용판,박덕흠,성일종,조경태,추경호,하영제,홍문표"
1918,조명희,"김상훈,김석기,박덕흠,성일종,조경태,추경호,하영제,홍문표,황보승희"
1919,이영,"김상훈,김성원,김용판,송언석,윤창현,이명수,조명희,최춘식,홍문표"
1920,김상훈,"김성원,김희국,박성민,성일종,송석준,이명수,임이자,정희용,추경호"
1921,어기구,"김정호,김주영,김홍걸,박정,송갑석,양향자,위성곤,윤재갑,윤준병,이개호,이병훈,한병도,허종식"
1922,문진석,"강득구,김민기,김병기,서영석,송갑석,윤재갑,이정문,이형석,홍익표"
1923,배진교,"강민정,강은미,류호정,심상정,이수진,이용우,이은주,장혜영,허종식"
1924,이정문,"김원이,김철민,도종환,문진석,민형배,박상혁,신동근,이용빈,임호선,홍성국"
1925,도종환,"김정호,문진석,박정,서동용,신동근,오영환,유정주,이병훈,이상헌,이정문"
1926,이종성,"김예지,김형동,박대수,박덕흠,서일준,서정숙,정운천,조명희,한무경"
1927,조경태,"김상훈,김용판,김형동,박성중,서병수,안병길,이채익,전주혜,한무경"
1928,이주환,"권명호,김성원,김용판,김태흠,박대수,백종헌,조경태,조명희,하영제"
1929,이주환,"권명호,김성원,김용판,박대수,백종헌,조경태,조명희,태영호,하영제"
1930,이용,"김도읍,김병욱,김정재,박성중,배준영,안병길,유경준,이달곤,정희용,허은아"
1931,권명호,"김도읍,양금희,유경준,이주환,이철규,임이자,정운천,최승재,한무경"
1932,윤두현,"구자근,권명호,김병욱,김승수,김예지,박덕흠,백종헌,성일종,유의동,윤주경,정희용"
1933,박대수,"구자근,김미애,김선교,김용판,김정재,김희곤,서정숙,안병길,이종성,이주환,지성호"
1934,소병철,"김병기,박성준,박재호,안규백,오영환,위성곤,윤영찬,정일영,조승래,최기상,한병도"
1935,강선우,"김수흥,김영배,남인순,서영교,위성곤,유정주,윤준병,이수진,임종성,임호선,허종식,홍성국"
1936,장제원,"강기윤,권영세,박대수,박덕흠,서일준,서정숙,윤한홍,이주환,조명희"
1937,장제원,"강기윤,권영세,박대수,박덕흠,서일준,서정숙,윤한홍,이주환,조명희"
1938,최종윤,"강선우,김정호,민병덕,박상혁,윤준병,이용선,인재근,조승래,최혜영"
1939,임오경,"김정호,박상혁,박성준,서영교,오영환,윤준병,이병훈,이상헌,임호선,전용기"
1940,임오경,"박상혁,박성준,박정,양기대,오영환,이병훈,임호선,최혜영,한준호"
1941,임오경,"김경만,박상혁,박성준,박정,배진교,양기대,오영환,이병훈,한준호"
1942,성일종,"권영세,김태흠,박대수,박성민,송언석,전봉민,정찬민,지성호,최춘식"
1943,성일종,"권영세,김태흠,박대수,박성민,송언석,전봉민,정찬민,지성호,최춘식"
1944,박완주,"강훈식,김두관,김상희,김승원,김정호,남인순,소병철,오영환,유기홍,윤건영,이용선,홍정민"
1945,이수진,"강민정,강병원,김승남,노웅래,민형배,양정숙,윤미향,윤준병,임종성,천준호"
1946,장제원,"강기윤,권영세,김상훈,박대수,박덕흠,백종헌,서일준,서정숙,이주환,이철규,조명희,태영호"
1947,장제원,"강기윤,권영세,박대수,박덕흠,백종헌,서일준,서정숙,이철규,조명희,태영호"
1948,최종윤,"김승남,김정호,김홍걸,민병덕,박상혁,오영환,윤준병,이용선,인재근,정일영,조승래,최혜영"
1949,장제원,"강기윤,권영세,박대수,박덕흠,백종헌,서일준,이주환,이철규,조명희,태영호,황보승희"
1950,최종윤,"김승남,김정호,민병덕,서영석,윤준병,이용선,인재근,정일영,조승래,주철현,최혜영"
1951,김의겸,"강민정,김두관,김종민,류호정,민형배,안민석,이수진,장경태,최강욱"
1952,최종윤,"김정호,남인순,송옥주,송재호,윤준병,인재근,조오섭,허종식,홍기원"
1953,이재정,"김경협,김영호,김용민,김정호,김홍걸,오영환,이광재,이용선,최혜영,홍익표"
1954,강민정,"강은미,김의겸,민병덕,서동용,양정숙,윤준병,이수진,이원욱,최강욱"
1955,안병길,"강민국,김선교,박대수,박성중,배준영,백종헌,유의동,이종성,전봉민,조명희,하영제"
1956,민형배,"김민철,김영배,김의겸,김정호,김철민,민병덕,박상혁,유정주,이수진,이정문,정일영,홍정민,황운하"
1957,민형배,"김민철,김영배,김의겸,김정호,김철민,민병덕,박상혁,박정,유정주,이수진,이정문,홍정민,황운하"
1958,안병길,"강민국,김선교,박대수,박성중,배준영,백종헌,유의동,이종성,전봉민,조명희,하영제"
1959,이종성,"강기윤,김기현,김미애,김용판,박대수,백종헌,서정숙,안병길,이달곤,임이자,정동만,정운천,조명희"
1960,민형배,"김영배,김의겸,김정호,김철민,민병덕,박상혁,배진교,유정주,이수진,이정문,황운하"
1961,박성중,"강기윤,김영식,안병길,이용,정희용,조경태,조명희,주호영,태영호"
1962,최승재,"구자근,김승수,김형동,송언석,양금희,윤창현,이종배,임이자,정경희,정희용,최춘식,태영호"
1963,김예지,"구자근,권명호,김선교,송석준,이명수,이채익,지성호,최형두,추경호"
1964,남인순,"강선우,권인숙,김상희,김성주,송재호,윤미향,이용선,정춘숙,정필모"
1965,남인순,"강선우,권인숙,김상희,김성주,송재호,윤미향,이용선,정춘숙,정필모"
1966,전용기,"김남국,김윤덕,노웅래,박용진,오영환,윤재갑,임오경,장철민,최종윤"
1967,김예지,"구자근,권명호,김선교,류성걸,송석준,이명수,이채익,최형두,추경호"
1968,윤재갑,"문진석,신정훈,양향자,위성곤,윤준병,이개호,전용기,조경태,홍문표"
1969,서영석,"김상희,김원이,서정숙,이용빈,이용선,이용호,정춘숙,최혜영,허종식"
1970,전용기,"고용진,김성주,김윤덕,김정호,노웅래,신동근,신정훈,이형석,전혜숙,홍성국"
1971,전용기,"고용진,김성주,김윤덕,김정호,노웅래,신동근,신정훈,이형석,전혜숙,조정식,홍성국"
1972,박성중,"강기윤,김영식,안병길,이용,정희용,조경태,조명희,주호영,태영호"
1973,전용기,"김병기,김성주,김승원,박광온,송갑석,이상헌,임호선,전재수,전혜숙"
1974,윤관석,"고용진,김교흥,김민철,김영배,남인순,신동근,안규백,오영환,유정주,이성만"
1975,김경만,"김두관,김수흥,김주영,김진표,박성준,이병훈,이성만,이용우,진성준,홍성국"
1976,천준호,"고민정,김수흥,문정복,민병덕,박상혁,이수진,이해식,진성준,한준호"
1977,홍성국,"강선우,김경만,김성주,박성준,윤영찬,윤재갑,이병훈,이원욱,전용기,정일영,최혜영"
1978,홍성국,"강선우,김경만,김성주,박성준,윤영찬,윤재갑,이병훈,이원욱,정일영,천준호,최혜영"
1979,조명희,"김성원,김용판,박덕흠,배준영,배현진,성일종,추경호,하영제,홍문표,황보승희"
1980,천준호,"고민정,김수흥,문정복,민병덕,박상혁,이수진,이해식,진성준,한준호"
1981,조명희,"김성원,김용판,박덕흠,배준영,배현진,성일종,추경호,하영제,홍문표,황보승희"
1982,김도읍,"권영세,김태흠,양금희,윤창현,정동만,조명희,조수진,추경호,태영호"
1983,김도읍,"권영세,김태흠,양금희,윤창현,정동만,조명희,조수진,추경호,태영호"
1984,김도읍,"권영세,김태흠,양금희,윤창현,정동만,조명희,조수진,추경호,태영호"
1985,김도읍,"권영세,권은희,김태흠,양금희,윤창현,정동만,조명희,조수진,추경호,태영호"
1986,김도읍,"권영세,김태흠,양금희,윤창현,정동만,조명희,조수진,추경호,태영호"
1987,김도읍,"권영세,김태흠,양금희,윤창현,정동만,조명희,조수진,추경호,태영호"
1988,조명희,"김성원,김용판,박덕흠,배준영,배현진,성일종,추경호,하영제,홍문표,황보승희"
1989,최혜영,"강준현,기동민,김민석,남인순,문정복,신동근,오영환,위성곤,이은주,이장섭,인재근,정춘숙"
1990,김상희,"김철민,남인순,양정숙,이상헌,이용빈,이용우,이은주,정춘숙,조승래,최혜영,한준호"
1991,최혜영,"강준현,권인숙,기동민,김남국,김성주,김용민,김원이,남인순,서영석,양이원영,오영환,위성곤,유정주,윤미향,이수진,이용우,이탄희,임오경,임호선,정청래,홍성국"
1992,최혜영,"강준현,권인숙,기동민,김남국,김성주,김용민,김원이,남인순,서영석,양이원영,오영환,위성곤,유정주,윤미향,이수진,이용우,이탄희,임오경,임호선,정청래,홍성국"
1993,박성중,"강기윤,김영식,안병길,이용,정희용,조경태,조명희,주호영,태영호"
1994,김종민,"강훈식,김경만,김병기,김정호,안규백,오영환,이수진,장철민,조승래,최강욱"
1995,추경호,"강기윤,강민국,구자근,권성동,김미애,김병욱,김상훈,김석기,김승수,김영식,김예지,김용판,김정재,김태호,김형동,김희국,류성걸,박덕흠,박형수,배현진,서병수,서일준,송언석,양금희,유상범,윤두현,윤창현,이만희,이양수,이용,임이자,정운천,정진석,정희용,조명희,최춘식,최형두,한기호,한무경,허은아,홍석준"
1996,추경호,"강기윤,김도읍,김미애,김용판,박성중,송석준,이명수,이종배,정희용,조명희,허은아"
1997,김두관,"강병원,김경만,김병기,김정호,노웅래,민병덕,용혜인,유기홍,이수진,이인영,이탄희"
1998,허영,"강선우,고민정,김교흥,김윤덕,김주영,김회재,박상혁,오영환,위성곤,윤건영,윤준병,이개호,이수진,이용빈,임호선,천준호,최종윤,허종식"
1999,홍석준,"김석기,김성원,김용판,윤창현,이양수,이용,이종배,조명희,지성호,추경호"
2000,김성원,"박대수,박덕흠,서일준,이채익,임이자,조명희,최춘식,추경호,태영호"
2001,김성원,"박대수,박덕흠,서일준,이채익,임이자,조명희,최춘식,추경호,태영호"
2002,김성원,"박대수,박덕흠,서일준,이채익,임이자,조명희,최춘식,추경호,태영호"
2003,김성원,"박대수,박덕흠,서일준,이채익,임이자,조명희,최춘식,추경호,태영호"
2004,이종성,"김상훈,김예지,김태호,박덕흠,서일준,성일종,이만희,정운천,조명희"
2005,김성원,"박대수,박덕흠,서일준,이채익,임이자,조명희,최춘식,추경호,태영호"
2006,김성원,"박대수,박덕흠,서일준,이채익,임이자,조명희,최춘식,추경호,태영호"
2007,김성원,"박대수,박덕흠,서일준,이채익,임이자,조명희,최춘식,추경호,태영호"
2008,김성원,"박대수,박덕흠,서일준,이채익,임이자,조명희,최춘식,추경호,태영호"
2009,윤재갑,"김민철,문진석,어기구,위성곤,이개호,이동주,이학영,홍문표,홍성국"
2010,김성원,"박대수,박덕흠,서일준,이채익,임이자,조명희,최춘식,추경호,태영호"
2011,이병훈,"고영인,김경만,김병욱,김주영,노웅래,도종환,양향자,어기구,오영환,오영훈,윤영덕,이개호,이장섭,임오경,전혜숙,홍성국"
2012,정청래,"김승원,박정,서영교,송갑석,양이원영,오영환,오영훈,유정주,최혜영"
2013,이명수,"구자근,김상훈,김형동,박덕흠,서범수,윤창현,이만희,지성호,추경호"
2014,김영배,"권칠승,김병주,김영호,김윤덕,김철민,민형배,설훈,송갑석,송재호,이광재,이장섭"
2015,윤영석,"강기윤,구자근,권명호,박대수,박성중,백종헌,양금희,이채익,이철규,최형두"
2016,김미애,"김기현,김상훈,김용판,박대수,박덕흠,이종성,전주혜,조명희,추경호"
2017,서영석,"김민기,김상희,김수흥,김원이,양정숙,이용빈,이정문,이해식,인재근,임종성,최종윤"
2018,서영석,"김민기,김상희,김수흥,김원이,노웅래,설훈,이용빈,이정문,이해식,임종성,최종윤"
2019,정청래,"김승원,박정,서영교,송갑석,양이원영,오영환,오영훈,유정주,최혜영"
2020,어기구,"김정호,김홍걸,박상혁,박정,송갑석,신동근,양향자,위성곤,윤재갑,이개호,이병훈,한병도,허종식"
2021,이명수,"구자근,김병욱,김상훈,김형동,박완수,서범수,윤창현,이만희,지성호,추경호"
2022,이원택,"소병훈,신정훈,양경숙,위성곤,유정주,이성만,장경태,최인호,한병도,홍정민"
2023,홍정민,"기동민,김정호,신정훈,오영환,윤영덕,이용빈,이원욱,전용기,조승래,황운하"
2024,서영석,"김민기,김수흥,문진석,민병덕,박상혁,변재일,설훈,이용빈,최종윤,최혜영"
2025,최혜영,"강준현,김민기,김상희,김원이,남인순,오영환,인재근,전용기,홍성국"
2026,박주민,"김남국,김승원,김종민,박성준,소병철,위성곤,윤건영,이형석,최기상,홍정민"
2027,박주민,"김남국,김승원,김종민,박성준,소병철,위성곤,윤건영,이형석,최기상,홍정민"
2028,서영교,"김원이,백혜련,송갑석,오영환,윤영찬,윤준병,이성만,이용빈,이해식,이형석,인재근,최인호,한병도"
2029,박성중,"강기윤,김상훈,김영식,안병길,이용,조경태,조명희,주호영,태영호"
2030,유기홍,"강병원,김수흥,김승남,김태호,김회재,김희곤,도종환,민형배,민홍철,박영순,서동용,서삼석,서일준,송갑석,신영대,위성곤,윤영덕,윤영석,이개호,이광재,이용빈,이장섭,이형석,전재수,정필모,조오섭,최승재,최인호"
2031,조응천,"강준현,김교흥,김윤덕,김회재,문정복,문진석,박상혁,박영순,소병훈,신동근,오영환,윤준병,장경태,조오섭,진성준,천준호,한준호,허영,홍기원"
2032,김교흥,"김윤덕,김회재,문정복,문진석,박영순,소병훈,신동근,윤준병,이성만,장경태,조오섭,조응천,진성준,허영,허종식,홍기원"
2033,조응천,"강준현,김교흥,김윤덕,김회재,문정복,문진석,박상혁,박영순,소병훈,신동근,오영환,윤준병,이용빈,장경태,조오섭,진성준,천준호,한준호,허영,홍기원"
2034,박주민,"김남국,김승원,김종민,박성준,소병철,위성곤,윤건영,이형석,최기상,홍정민"
2035,박주민,"김남국,김승원,김종민,박성준,소병철,위성곤,윤건영,이형석,최기상,홍정민"
2036,임이자,"구자근,권명호,권영세,김성원,김형동,박대수,송언석,양금희,이명수,조명희,추경호"
2037,박주민,"김남국,김승원,김종민,박성준,소병철,위성곤,윤건영,이형석,최기상,홍정민"
2038,박주민,"김남국,김승원,김종민,박성준,소병철,위성곤,윤건영,이형석,최기상,홍정민"
2039,박주민,"김남국,김승원,김종민,박성준,소병철,위성곤,윤건영,이형석,최기상,홍정민"
2040,박주민,"김남국,김승원,김종민,박성준,소병철,위성곤,윤건영,이형석,최기상,홍정민"
2041,박주민,"김남국,김승원,김종민,박성준,소병철,위성곤,윤건영,이형석,최기상,홍정민"
2042,박주민,"김남국,김승원,김종민,박성준,소병철,위성곤,윤건영,이형석,최기상,홍정민"
2043,위성곤,"소병철,윤건영,윤재갑,이개호,이수진,이용빈,이용선,이원택,주철현"
2044,임이자,"권영세,김성원,김형동,박대수,박덕흠,양금희,이명수,추경호,한무경,홍석준"
2045,박주민,"김남국,김승원,김종민,박성준,소병철,위성곤,윤건영,이형석,최기상,홍정민"
2046,박주민,"김남국,김승원,김종민,박성준,소병철,위성곤,윤건영,이형석,최기상,홍정민"
2047,박주민,"김남국,김승원,김종민,박성준,소병철,위성곤,윤건영,이형석,최기상,홍정민"
2048,박주민,"김남국,김승원,김종민,박성준,소병철,위성곤,윤건영,이형석,최기상,홍정민"
2049,박주민,"김남국,김승원,김종민,박성준,소병철,위성곤,윤건영,이형석,최기상,홍정민"
2050,박주민,"김남국,김승원,김종민,박성준,소병철,위성곤,윤건영,이형석,최기상,홍정민"
2051,박주민,"김남국,김승원,김종민,박성준,소병철,위성곤,윤건영,이형석,최기상,홍정민"
2052,임이자,"구자근,권명호,권영세,김성원,김형동,박대수,서일준,양금희,이명수,홍석준"
2053,정춘숙,"강병원,강선우,김민석,김성주,김원이,김윤덕,남인순,서영석,윤준병,인재근,최종윤,최혜영,허종식"
2054,남인순,"강선우,김홍걸,변재일,양경숙,양정숙,양향자,이용빈,이형석,인재근,정성호,정춘숙,최종윤,최혜영,허종식,홍성국"
2055,강득구,"고영인,박영순,윤준병,이성만,이용빈,이재정,전혜숙,정춘숙,허영"
2056,윤재갑,"김민철,김정호,박영순,양정숙,위성곤,이개호,이동주,이학영,주철현,허종식"
2057,서일준,"강기윤,김기현,김선교,김용판,김정재,김태흠,김형동,서병수,송언석,양금희,이종성,이주환,조명희,최형두,하영제"
2058,서일준,"강기윤,김기현,김상훈,김선교,김용판,김정재,김태흠,김형동,서병수,송언석,양금희,이종성,이주환,조명희,최형두,하영제"
2059,서일준,"강기윤,김기현,김선교,김용판,김정재,김태흠,김형동,서병수,송언석,양금희,이종성,이주환,조명희,최형두,하영제"
2060,임호선,"김민기,김홍걸,도종환,박덕흠,박재호,서영교,이장섭,이정문,이학영,이형석"
2061,김병기,"김성환,김수흥,김진표,문진석,양정숙,오영환,위성곤,윤준병,이개호,홍영표"
2062,김의겸,"강민정,권인숙,김승남,김승원,김홍걸,민형배,서동용,설훈,안민석,유정주,윤준병,이은주,최강욱"
2063,이정문,"김병기,김철민,도종환,문진석,민형배,변재일,신동근,안민석,이용빈,황운하"
2064,송갑석,"김영배,김의겸,문진석,서삼석,이수진,이용빈,이장섭,전용기,조오섭"
2065,정춘숙,"강득구,권인숙,권칠승,김성주,김영주,김정호,김홍걸,임종성,허종식"
2066,배준영,"구자근,김병욱,박완수,안병길,양금희,윤주경,이용,이주환,정경희,조명희,최춘식,허종식"
2067,윤재갑,"강민정,김승남,박영순,서삼석,신정훈,위성곤,이개호,이학영,조오섭,홍문표"
2068,이은주,"강은미,기동민,류호정,박용진,배진교,심상정,양정숙,용혜인,장혜영,조정훈"
2069,고영인,"강득구,강준현,김경만,김민석,김성주,서영교,위성곤,이병훈,임호선"
2070,고영인,"강득구,강준현,김경만,김민석,김성주,서영교,위성곤,이병훈,임호선"
2071,이종배,"김병욱,김승수,김예지,김은혜,박덕흠,성일종,이용,지성호,추경호,홍석준"
2072,남인순,"강선우,김홍걸,민형배,변재일,서영석,양경숙,양정숙,양향자,윤미향,윤준병,인재근,정성호,정춘숙,최연숙,최종윤,최혜영,허종식,홍성국"
2073,김미애,"김용판,박덕흠,서범수,서정숙,양금희,이종성,이채익,조명희,하영제"
2074,이은주,"강은미,기동민,류호정,박용진,배진교,심상정,양정숙,용혜인,장혜영,조정훈"
2075,이은주,"강은미,기동민,류호정,배진교,심상정,양정숙,용혜인,장혜영,조정훈"
2076,임오경,"박상혁,박정,신동근,양기대,양향자,오영환,이병훈,이상헌,최혜영"
2077,진성준,"강병원,김두관,김정호,박상혁,우원식,이동주,이학영,이형석,전혜숙,조오섭,천준호,허영,홍기원"
2078,박상혁,"김성주,김윤덕,김정호,민형배,안호영,이용호,이정문,임오경,임종성,전재수,천준호,최인호,홍기원"
2079,용혜인,"강민정,강은미,류호정,배진교,윤재갑,이수진,이은주,장혜영,조정훈"
2080,이용우,"김상희,민병덕,민형배,박찬대,오기형,윤재갑,이탄희,홍정민,황운하"
2081,이채익,"권영세,김기현,김승수,김승원,김예지,김의겸,박대출,박정,박진,배현진,유정주,윤상현,윤재옥,이명수,이병훈,이상헌,이용,이종배,임오경,정진석,정청래,조경태,최형두,한기호"
2082,이철규,"구자근,권명호,권성동,김도읍,김정재,서일준,서정숙,유상범,윤영석,이양수,장제원,정운천,한무경"
2083,김상훈,"권성동,김승수,김예지,김희국,박성민,송석준,신원식,추경호,태영호"
2084,김희곤,"박대수,박수영,서범수,윤두현,윤주경,윤창현,이용우,전봉민,최승재"
2085,김회재,"강득구,강민정,김민철,김수흥,문진석,민형배,서동용,이형석,홍기원"
2086,이은주,"강은미,권은희,기동민,류호정,배진교,심상정,양정숙,용혜인,장혜영,조정훈,최연숙"
2087,박성중,"구자근,권성동,김영식,유경준,이종성,조경태,태영호,허은아,황보승희"
2088,김영배,"김병주,김윤덕,김철민,김홍걸,민형배,설훈,송갑석,송재호,윤준병,이광재,이장섭,한병도"
2089,유의동,"권은희,김병욱,김성원,김예지,안병길,이영,조명희,추경호,한기호,한무경,황보승희"
2090,유의동,"권은희,김병욱,김성원,김예지,안병길,이영,조명희,추경호,한기호,한무경,황보승희"
2091,유의동,"권은희,김병욱,김성원,김예지,안병길,이영,조명희,추경호,한기호,한무경,황보승희"
2092,최혜영,"강준현,김민기,김상희,김원이,남인순,오영환,인재근,전용기,홍성국"
2093,서영교,"강병원,강선우,강준현,강훈식,고영인,고용진,권인숙,기동민,김경협,김교흥,김민철,김성주,김수흥,김영호,김원이,김윤덕,김정호,김종민,김주영,김진표,김철민,김한정,김회재,노웅래,도종환,맹성규,문정복,문진석,민병덕,민형배,박성준,박찬대,백혜련,변재일,서삼석,서영석,설훈,소병훈,송갑석,송기헌,송영길,송재호,신영대,신현영,안규백,안호영,양경숙,어기구,오기형,오영환,오영훈,우상호,위성곤,유동수,유정주,윤건영,윤영덕,윤재갑,윤준병,윤호중,윤후덕,이개호,이병훈,이성만,이수진,이수진,이용빈,이용호,이원욱,이장섭,이철규,이탄희,이학영,임종성,임호선,전용기,전혜숙,정청래,정태호,조승래,조오섭,천준호,최인호,최종윤,한병도,허영,홍기원,홍정민"
2094,양정숙,"김성주,김수흥,심상정,안호영,오영훈,윤준병,이상헌,조오섭,황운하"
2095,김정재,"김석기,김영식,김형동,박대수,박성민,서일준,송언석,이채익,태영호"
2096,이수진,"강은미,권인숙,김상희,남인순,민형배,송옥주,이은주,정춘숙,최혜영"
2097,임오경,"문정복,박성준,오영환,유정주,윤영찬,이상헌,이수진,임호선,장철민,허영"
2098,홍성국,"강선우,민병덕,양기대,이개호,이병훈,이장섭,전용기,최혜영,한준호,홍익표"
2099,김희국,"권명호,권영세,김도읍,김병욱,김상훈,김석기,김형동,신원식,유경준"
2100,이은주,"강민정,강은미,김의겸,류호정,배진교,심상정,양정숙,용혜인,장혜영,조정훈"
2101,홍성국,"강선우,민병덕,양기대,이개호,이병훈,이장섭,전용기,최혜영,한준호,홍익표"
2102,이은주,"강민정,강은미,김의겸,류호정,배진교,심상정,양정숙,용혜인,장혜영,조정훈"
2103,이은주,"강민정,강은미,김의겸,류호정,배진교,심상정,양정숙,용혜인,장혜영,조정훈"
2104,홍성국,"강선우,민병덕,양기대,이개호,이병훈,이장섭,전용기,최혜영,한준호,홍익표"
2105,홍성국,"강선우,민병덕,양기대,이개호,이병훈,이장섭,전용기,최혜영,한준호,홍익표"
2106,하태경,"강기윤,김미애,박덕흠,백종헌,성일종,신원식,이만희,이용선,이채익,이철규,조태용,최승재,하영제"
2107,강득구,"김철민,박영순,윤준병,이성만,이수진,이용빈,이용호,이재정,정춘숙"
2108,구자근,"강기윤,권명호,김석기,김선교,김영식,김은혜,김태흠,백종헌,조수진"
2109,강은미,"류호정,민형배,배진교,심상정,용혜인,이수진,이용빈,이은주,장혜영,조오섭"
2110,구자근,"권명호,김상훈,김영식,김형동,백종헌,서범수,전주혜,조수진,태영호,황보승희"
2111,김경만,"고영인,고용진,권인숙,김성주,김수흥,김승원,김영주,김정호,김진표,김태년,김홍걸,서영석,신정훈,우상호,윤관석,윤준병,이병훈,임종성,홍기원"
2112,이은주,"강민정,강은미,김의겸,류호정,배진교,심상정,양정숙,용혜인,장혜영,조정훈"
2113,김영배,"김병주,김영호,김철민,민형배,설훈,송갑석,송재호,양향자,이광재,이병훈,이장섭,임호선,조오섭"
2114,김병욱,"배준영,이채익,정희용,조명희,조수진,주호영,추경호,태영호,황보승희"
2115,배진교,"강은미,김홍걸,류호정,민형배,심상정,양정숙,이은주,장혜영,허종식"
2116,김민철,"김교흥,김수흥,김홍걸,민형배,오영환,이용빈,이용호,이형석,임호선,한병도"
2117,이채익,"권명호,김기현,김석기,김성원,김예지,박성민,서범수,이상헌,조명희"
2118,민병덕,"김영배,김영호,김용민,김원이,박성준,송옥주,양향자,우원식,윤재갑,이동주,이성만,이용빈,최종윤,하태경"
2119,이종성,"김영식,김예지,김용판,박성중,성일종,이종배,임이자,정운천,조명희"
2120,이종성,"김영식,김예지,김용판,박성중,성일종,이종배,임이자,정운천,조명희"
2121,이종배,"김병욱,김선교,김승수,김예지,박대수,윤영석,이용,추경호,황보승희"
2122,민병덕,"김두관,김병욱,박성준,송옥주,윤재갑,이동주,이성만,이용빈,이용선,최종윤"
2123,윤준병,"강선우,김성주,안호영,양이원영,오영환,위성곤,장철민,최종윤,한병도"
2124,홍석준,"김상훈,김석기,김예지,김용판,김태호,서정숙,양금희,이종배,지성호,추경호"
2125,이형석,"김민기,김민철,김회재,안규백,이탄희,임호선,최기상,한병도,홍익표"
2126,김영호,"강병원,강준현,김승원,김정호,김주영,김홍걸,민형배,박완주,송옥주,신정훈,오영환,윤건영,윤관석,이수진,이수진,이용빈,이용우,정필모,천준호,홍기원"
2127,윤준병,"김주영,안호영,오영환,윤건영,이병훈,이수진,이용우,임종성,최종윤"
2128,김영호,"강준현,김의겸,김정호,김홍걸,신정훈,오영환,이수진,이형석,전용기"
2129,김기현,"강기윤,강대식,강민국,구자근,권명호,권성동,권영세,김도읍,김미애,김병욱,김상훈,김석기,김선교,김성원,김승수,김영식,김예지,김용판,김웅,김은혜,김정재,김태호,김태흠,김형동,김희곤,김희국,류성걸,박대수,박대출,박성민,박성중,박수영,박완수,박진,박형수,배준영,배현진,백종헌,서범수,서병수,서일준,서정숙,성일종,송석준,송언석,신원식,안병길,양금희,엄태영,유경준,유상범,유의동,윤두현,윤상현,윤영석,윤재옥,윤주경,윤창현,윤한홍,이달곤,이만희,이명수,이양수,이영,이용,이종배,이종성,이주환,이채익,이철규,이헌승,임이자,장제원,전주혜,정경희,정동만,정운천,정점식,정진석,정찬민,정희용,조경태,조명희,조수진,조태용,조해진,주호영,지성호,최승재,최춘식,최형두,추경호,태영호,하영제,하태경,한기호,한무경,허은아,홍문표,홍석준,홍준표,황보승희"
2130,양정숙,"고용진,김성주,김수흥,김승남,김홍걸,안호영,윤재갑,윤준병,이상헌,이용빈,이장섭,황운하"
2131,김영배,"김병주,김윤덕,김철민,김홍걸,민형배,설훈,송재호,이광재,이장섭,한병도"
2132,양정숙,"고용진,김성주,김수흥,안호영,위성곤,윤재갑,윤준병,이상헌,이용빈"
2133,최혜영,"류호정,송옥주,양향자,오영환,이은주,이탄희,이형석,인재근,허종식"
2134,최혜영,"류호정,송옥주,양향자,오영환,이은주,이탄희,이형석,인재근,허종식"
2135,김민철,"김용민,민형배,신정훈,양기대,오영환,이용빈,이용호,이원택,이형석"
2136,윤관석,"김교흥,김정호,김한정,신영대,양경숙,유정주,이정문,정성호,정일영"
2137,추경호,"구자근,김병욱,김성원,김예지,김용판,김은혜,박대수,백종헌,서일준,양금희,유경준,유상범,윤주경,윤창현,윤한홍,이채익,전주혜,조명희,허은아,황보승희"
2138,윤관석,"김교흥,김상희,김정호,김한정,신영대,양경숙,유정주,정성호,정일영"
2139,민병덕,"강은미,권칠승,양경숙,윤준병,이동주,이용빈,이용선,이용우,이용호,천준호"
2140,김회재,"강준현,문진석,민형배,서동용,소병훈,송재호,이수진,이용우,장경태,허영"
2141,최종윤,"강병원,고영인,김영진,김홍걸,박주민,서영석,유정주,윤준병,인재근,정춘숙,최혜영,홍정민"
2142,이수진,"김두관,김영배,김주영,신동근,안호영,양정숙,위성곤,윤재갑,임종성"
2143,이수진,"강민정,김두관,김주영,민형배,신동근,안호영,위성곤,윤재갑,임종성"
2144,김회재,"문진석,민형배,서동용,소병훈,송재호,이수진,이용우,장경태,정일영,허영"
2145,이수진,"김두관,김정호,김주영,민형배,신동근,안호영,위성곤,윤재갑,임종성"
2146,이수진,"강민정,김두관,김주영,민형배,신동근,안호영,위성곤,윤재갑,임종성"
2147,송재호,"김영배,김회재,남인순,민병덕,민형배,오기형,위성곤,유동수,이상헌,이원택,이해식"
2148,서범수,"김은혜,김희곤,박덕흠,송석준,이양수,이채익,이태규,전봉민,최춘식,최형두"
2149,윤준병,"강득구,김수흥,박성준,송옥주,위성곤,이수진,이용빈,전재수,정일영"
2150,김경만,"고용진,김수흥,김승원,김영주,김정호,김태년,김홍걸,문진석,서영석,신정훈,우상호,윤준병,임종성"
2151,박홍근,"김민철,김영배,김홍걸,노웅래,신정훈,윤후덕,이동주,이용우,전용기"
2152,송옥주,"김정호,김회재,민병덕,박정,안호영,윤미향,윤준병,이상헌,이성만,임종성,장철민,최혜영,황운하"
2153,송옥주,"김정호,김회재,민병덕,박정,안호영,윤미향,윤준병,이성만,이원욱,임종성,장철민,최혜영,황운하"
2154,안규백,"강선우,기동민,김경협,김병주,김영주,김정호,맹성규,문진석,변재일,안호영,양기대,이영,이용선,홍정민"
2155,김주영,"고용진,김영주,노웅래,오영환,위성곤,윤건영,정일영,정춘숙,홍정민"
2156,송옥주,"김정호,노웅래,민병덕,박정,안호영,유기홍,윤미향,윤준병,이상헌,이성만,이원욱,임종성,장철민,최혜영,황운하"
2157,송언석,"권명호,김상훈,김성원,김용판,김정재,박덕흠,서일준,임이자,정희용,최형두,태영호"
2158,김의겸,"강민정,김영배,김정호,김종민,민형배,설훈,오영환,윤준병,이해식,정일영,최강욱"
2159,김의겸,"강민정,김정호,김종민,민형배,설훈,오영환,윤준병,이해식,최강욱"
2160,허종식,"김교흥,김민기,김성주,김정호,남인순,박찬대,어기구,유동수,이용선,최종윤"
2161,김주영,"고용진,김경협,김정호,박상혁,오영환,윤영덕,이수진,정일영,최인호,홍정민"
2162,윤재갑,"김승남,김형동,문진석,박덕흠,서삼석,설훈,신정훈,이개호,이상헌,이용호,전용기,주철현,최인호,홍문표"
2163,박완수,"강기윤,김영진,김진표,박광온,백혜련,윤한홍,이달곤,이용우,최형두,한준호,홍정민"
2164,노웅래,"김두관,김원이,송갑석,오영환,이병훈,이수진,장철민,전용기,정성호"
2165,김주영,"고용진,김경협,김수흥,김정호,노웅래,류호정,박상혁,박홍근,소병훈,송옥주,오영환,윤준병,윤후덕,이수진,이용우,임종성,정일영,홍정민"
2166,김주영,"고용진,김정호,박상혁,오영환,윤영덕,이원욱,정일영,최인호,홍정민"
2167,이용빈,"김민철,김병욱,김성주,김정호,김홍걸,남인순,배진교,서동용,서영석,소병철,송갑석,신정훈,양정숙,엄태영,이수진,이원욱,정성호,한병도,한준호"
2168,배현진,"권영세,김성원,김형동,박대수,윤영석,추경호,태영호,홍준표,황보승희"
2169,김두관,"김병기,김성주,김정호,문진석,박재호,서삼석,신정훈,양경숙,윤영덕,이상민,주철현,홍성국"
2170,한병도,"강준현,강훈식,박재호,신현영,오영환,유정주,이정문,이학영,임오경,임호선,최혜영"
2171,이상헌,"김승남,김진표,김홍걸,유동수,유정주,임오경,전용기,전재수,조승래"
2172,김의겸,"강민정,권인숙,김승원,김용민,김종민,민형배,안민석,유정주,윤영덕,이수진,장경태,정태호,정필모,최강욱"
2173,용혜인,"강민정,강은미,김남국,김정호,남인순,류호정,박대수,배진교,오영환"
2174,김회재,"강병원,김승남,민홍철,안규백,양향자,이개호,이해식,허영,홍성국"
2175,김주영,"고용진,김수흥,김정호,노웅래,윤건영,윤재갑,이개호,이병훈,정일영"
2176,김기현,"강기윤,강대식,강민국,구자근,권명호,권성동,권영세,김도읍,김미애,김병욱,김상훈,김석기,김선교,김성원,김승수,김영식,김예지,김용판,김웅,김은혜,김정재,김태호,김태흠,김형동,김희곤,김희국,류성걸,박대수,박대출,박성민,박성중,박수영,박완수,박진,박형수,배준영,배현진,백종헌,서범수,서병수,서일준,서정숙,성일종,송석준,송언석,신원식,안병길,양금희,엄태영,유경준,유상범,유의동,윤두현,윤상현,윤영석,윤재옥,윤주경,윤창현,윤한홍,이달곤,이만희,이명수,이양수,이영,이용,이종배,이종성,이주환,이채익,이철규,이헌승,임이자,장제원,전주혜,정경희,정동만,정운천,정점식,정진석,정찬민,정희용,조경태,조명희,조수진,조태용,조해진,주호영,지성호,최승재,최춘식,최형두,추경호,태영호,하영제,하태경,한기호,한무경,허은아,홍문표,홍석준,홍준표,황보승희"
2177,이탄희,"고민정,김두관,도종환,양향자,오영환,유기홍,이성만,임오경,홍영표"
2178,백혜련,"김정호,서영교,소병훈,송재호,오영환,윤건영,임호선,조오섭,최종윤"
2179,정희용,"김병욱,김석기,박성민,이채익,조명희,최춘식,추경호,한무경,허은아"
2180,송언석,"권명호,김성원,김용판,김정재,박덕흠,서일준,정희용,최형두,태영호"
2181,김수흥,"강선우,김경만,김교흥,김주영,김홍걸,서영석,안호영,윤준병,정일영"
2182,김은혜,"강기윤,구자근,권영세,김성원,김희곤,박성민,성일종,송언석,엄태영,유상범,윤주경,이종배,조경태,지성호,최춘식,추경호"
2183,송언석,"권명호,권영세,김성원,김용판,김정재,박덕흠,서일준,정희용,최형두,태영호"
2184,김홍걸,"김경만,김남국,김수흥,김영배,김영주,김영호,김태년,민형배,서동용,송옥주,유정주,윤준병,이용선,정필모,한준호"
2185,이병훈,"김승원,김영배,김영호,박정,양향자,유정주,이상헌,이형석,임오경,홍성국"
2186,한무경,"김상훈,김영식,김형동,서일준,양금희,유의동,이영,이종성,정희용,조명희,추경호,하영제"
2187,임호선,"김민기,김민석,김성주,김홍걸,노웅래,백혜련,변재일,오영환,이학영,임종성,정태호"
2188,한무경,"김영식,김형동,서일준,양금희,유의동,이영,이종성,정희용,조명희,추경호,하영제"
2189,송언석,"권명호,김상훈,김성원,김용판,김정재,박덕흠,서일준,정희용,최형두,태영호"
2190,양정숙,"고용진,김성주,김수흥,김승남,김홍걸,안호영,위성곤,윤재갑,윤준병,이상헌,이용빈,이장섭,황운하"
2191,한병도,"강준현,고용진,김민석,김승원,양기대,오영훈,이용빈,이원택,이형석,허영,홍성국"
2192,김수흥,"김주영,김진표,양정숙,윤준병,윤후덕,이수진,이용호,이원욱,정성호"
2193,고용진,"김경만,김민철,김수흥,김주영,김진표,박성준,양정숙,양향자,이원욱,한병도"
2194,이종성,"김기현,김영식,박대수,박형수,서범수,서일준,이종배,정운천,한무경"
2195,고용진,"김민철,김수흥,김주영,김진표,박성준,양정숙,양향자,이원욱,한병도"
2196,김교흥,"김수흥,김영주,김홍걸,문진석,박영순,박찬대,신동근,윤관석,윤영덕,이상헌,이성만,이학영,조오섭,허종식,홍영표"
2197,김성원,"김용판,김정재,박대수,박대출,박덕흠,서일준,송언석,이종배,이주환,최춘식"
2198,홍정민,"김병욱,김승남,도종환,맹성규,민형배,변재일,서영교,신정훈,유정주,황운하"
2199,홍정민,"김병욱,김승남,도종환,맹성규,민형배,변재일,서영교,신정훈,유정주,황운하"
2200,김승남,"김원이,송갑석,송옥주,신정훈,양정숙,윤재갑,이개호,이수진,홍정민"
2201,이원욱,"고영인,고용진,김정호,김철민,변재일,송옥주,안호영,양정숙,양향자,오영환,이용빈,최종윤,홍성국,홍익표,홍정민"
2202,김성원,"김상훈,김용판,김정재,박대수,박대출,송언석,이주환,임이자,최춘식"
2203,홍정민,"김병욱,김승남,도종환,맹성규,민형배,변재일,서영교,신정훈,유정주,황운하"
2204,김성원,"김상훈,김용판,김정재,박덕흠,서일준,송언석,이종배,이주환,최춘식"
2205,강득구,"고영인,권인숙,김민석,김민철,박영순,윤준병,이성만,이수진,이용빈,이용호,이재정,정춘숙,허영"
2206,유경준,"강대식,김병욱,김은혜,김태호,김형동,박성중,박진,송석준,추경호,태영호,한무경,황보승희"
2207,최기상,"기동민,노웅래,박상혁,소병철,양정숙,윤영덕,이수진,이용우,이장섭,이학영,임호선,정일영,최인호"
2208,홍정민,"김병욱,김승남,도종환,맹성규,민형배,변재일,서영교,신정훈,유정주,황운하"
2209,정태호,"강선우,김경만,김교흥,김영배,김정호,임호선,홍기원,홍성국,홍익표"
2210,김은혜,"강기윤,강대식,권영세,김희곤,성일종,송언석,유경준,이양수,조경태,조수진,지성호,최춘식"
2211,서범수,"구자근,김상훈,김용판,김형동,이명수,이영,이종성,이태규,최춘식,추경호"
2212,김영식,"김병욱,김용판,김정재,박성민,박성중,이종성,주호영,최형두,태영호"
2213,강득구,"강민정,김민석,김민철,김정호,박영순,윤준병,이수진,이용빈,이용호,이재정,전혜숙,정춘숙"
2214,김수흥,"김경만,김교흥,김홍걸,송옥주,안호영,양정숙,윤준병,정성호,천준호"
2215,김영식,"김병욱,김상훈,김용판,김정재,박성민,박성중,이종성,주호영,최형두,태영호"
2216,장혜영,"강민정,강선우,강은미,김성주,김예지,김홍걸,류호정,배진교,심상정,용혜인,이은주,최혜영"
2217,신원식,"강기윤,강대식,강민국,김미애,김병욱,김상훈,김석기,김선교,김승수,김용판,김웅,김희곤,김희국,박대출,박덕흠,박성중,박진,배준영,서범수,서병수,송언석,양금희,윤두현,윤주경,이만희,이영,이철규,이헌승,전주혜,정경희,조명희,조수진,최승재,최춘식,최형두,추경호,태영호,한무경,홍석준,홍준표,황보승희"
2218,김병욱,"김승수,김형동,백종헌,서일준,신원식,유경준,이명수,이헌승,태영호"
2219,위성곤,"송재호,양정숙,오영훈,윤영덕,윤재갑,윤준병,이개호,이원택,최인호"
2220,박성민,"강민국,곽상도,김선교,김영식,김형동,배준영,서정숙,송석준,정운천,태영호,하영제"
2221,강민정,"강득구,강은미,김수흥,김의겸,민병덕,서동용,양정숙,이원욱,장철민,최강욱"
2222,박성민,"강민국,김선교,김영식,김형동,박대수,배준영,서정숙,송석준,태영호,하영제"
2223,김민철,"김경만,김경협,김교흥,맹성규,민형배,박재호,양정숙,오영환,이용빈,이용호,임호선,홍성국"
2224,김민석,"강득구,강병원,권칠승,김민철,박성준,오영환,이병훈,이용빈,임호선,최혜영,홍정민"
2225,이종성,"김기현,김영식,김태호,박대수,서범수,서일준,이종배,정운천,한무경"
2226,윤창현,"강기윤,강대식,강민국,구자근,권명호,권성동,권영세,김기현,김도읍,김미애,김병욱,김상훈,김석기,김선교,김성원,김승수,김영식,김예지,김용판,김웅,김은혜,김정재,김태호,김태흠,김형동,김희곤,김희국,류성걸,박대수,박대출,박성민,박성중,박수영,박완수,박진,박형수,배준영,배현진,백종헌,서범수,서병수,서일준,서정숙,성일종,송석준,송언석,신원식,안병길,양금희,엄태영,유경준,유상범,유의동,윤두현,윤상현,윤영석,윤재옥,윤주경,윤한홍,이달곤,이만희,이명수,이양수,이영,이용,이종배,이종성,이주환,이채익,이철규,이헌승,임이자,장제원,전주혜,정경희,정동만,정운천,정점식,정진석,정찬민,정희용,조경태,조명희,조수진,조태용,조해진,주호영,지성호,최승재,최춘식,최형두,추경호,태영호,하영제,하태경,한기호,한무경,허은아,홍문표,홍석준,홍준표,황보승희"
2227,서일준,"강민국,권명호,김희곤,안병길,윤한홍,정동만,최형두,하영제,한무경,홍문표"
2228,김교흥,"강선우,김수흥,김정호,김홍걸,문진석,박찬대,윤관석,이성만,이학영,정태호,허종식"
2229,김수흥,"강선우,김경만,김교흥,김주영,김홍걸,서영석,안호영,윤준병,정일영"
2230,윤준병,"강선우,김교흥,김성주,송옥주,안호영,오영환,이수진,이용빈,전재수"
2231,이광재,"김두관,김승원,김영배,김정호,민홍철,박재호,송재호,이상헌,전재수"
2232,김병기,"강병원,김경협,김두관,김민기,김진표,민홍철,오영환,윤준병,이개호,이상헌,이수진,홍기원"
2233,이탄희,"강민정,강병원,강은미,고민정,고영인,김민철,김정호,김홍걸,류호정,민병덕,민형배,박홍근,변재일,소병훈,안규백,양정숙,유정주,윤건영,윤영덕,이성만,이수진,이용우,전혜숙,정필모,최강욱,최기상,최혜영,허종식,황운하"
2234,조승래,"강선우,김정호,맹성규,양정숙,윤영찬,이상헌,정일영,조정식,최인호,최종윤,한준호"
2235,김수흥,"강선우,김경만,김교흥,김주영,김홍걸,서영석,안호영,윤준병,정일영"
2236,조승래,"강선우,김정호,맹성규,양정숙,윤영찬,이상헌,정일영,조정식,최인호,최종윤,한준호"
2237,조승래,"강선우,김정호,맹성규,양정숙,윤영덕,윤영찬,이상헌,정일영,조정식,최인호,최종윤,한준호"
2238,조승래,"강선우,김정호,맹성규,양정숙,윤영찬,이상헌,정일영,조정식,최인호,최종윤,한준호"
2239,소병철,"김남국,김병기,김정호,김종민,박성준,박주민,오영환,이수진,최기상"
2240,김병욱,"김교흥,문진석,박성준,유동수,이명수,이병훈,이용빈,최인호,홍정민"
2241,김수흥,"강선우,김경만,김교흥,김주영,김홍걸,서영석,안호영,윤준병,정일영"
2242,김수흥,"고용진,김두관,김주영,김진표,송옥주,안호영,양정숙,윤준병,윤후덕,이수진,이용호,이원욱"
2243,정찬민,"박대수,배준영,서정숙,안병길,이종성,임이자,정경희,지성호,태영호,한무경"
2244,권인숙,"강득구,강병원,김의겸,김철민,김홍걸,서동용,안민석,유정주,윤영덕,이성만,이수진,전재수"
2245,이탄희,"김의겸,김진표,류호정,소병훈,유정주,이용우,최형두,최혜영,한준호,홍정민"
2246,정찬민,"박대수,배준영,서정숙,안병길,이종성,임이자,정경희,지성호,태영호,한무경"
2247,정찬민,"김희곤,박대수,송석준,윤창현,이주환,조명희,지성호,태영호,한무경"
2248,정동만,"구자근,김도읍,유경준,이명수,이용,이용호,이종성,전봉민,황보승희"
2249,박대수,"김선교,김용판,김정재,박성민,안병길,이종배,이종성,이주환,지성호"
2250,김승남,"김경만,김정호,민형배,송갑석,양정숙,윤재갑,이수진,이용빈,이인영,인재근,주철현,진성준,최종윤"
2251,이수진,"김두관,김민철,김병기,김홍걸,송기헌,오영환,이용호,임종성,임호선,최강욱"
2252,윤영석,"강기윤,구자근,권성동,류성걸,박대수,박덕흠,박성중,서병수,엄태영,윤창현,이종배,최형두,추경호"
2253,장제원,"구자근,권영세,박대수,백종헌,서정숙,윤한홍,이주환,정진석,최승재,태영호"
2254,김원이,"기동민,김경협,김성주,박상혁,양향자,우원식,위성곤,이해식,임종성"
2255,장제원,"권성동,김예지,박대수,배현진,서정숙,송석준,윤한홍,이채익,태영호"
2256,박홍근,"고용진,김수흥,김영주,김정호,서영석,송옥주,임오경,정일영,홍성국"
2257,박상혁,"김성주,김윤덕,김정호,민형배,이정문,임오경,임종성,전재수,최인호,홍기원"
2258,권칠승,"강병원,김민석,김민철,민병덕,신정훈,오영환,임호선,전용기,정춘숙"
2259,김상희,"기동민,김민기,김의겸,남인순,박영순,오영훈,이장섭,정춘숙,조승래,홍익표"
2260,유동수,"강선우,강훈식,김병욱,김성주,김정호,안호영,이원택,정일영,허종식"
2261,김원이,"기동민,김경협,김성주,박상혁,우원식,위성곤,이해식,임종성,홍성국"
2262,김원이,"기동민,김경협,김성주,박상혁,양향자,우원식,위성곤,이해식,임종성"
2263,변재일,"박홍근,이용빈,이원욱,이정문,이학영,임오경,임호선,조승래,한준호,홍성국,홍정민"
2264,이개호,"김병기,김승남,김주영,오영환,위성곤,윤재갑,허영,홍문표,홍성국"
2265,박주민,"강득구,강민정,김승원,김정호,류호정,송옥주,윤영덕,이용우,장경태,진성준,최혜영,한준호,홍정민"
2266,임호선,"기동민,김민철,김성주,박광온,신영대,오영환,이은주,이장섭,이학영,이형석,전용기"
2267,조경태,"곽상도,김용판,박성중,서병수,안병길,윤재갑,이채익,태영호,한무경"
2268,송언석,"권명호,김석기,김영식,김정재,박대수,박성민,서일준,성일종,윤창현,임이자,정진석"
2269,김경만,"고영인,고용진,김성주,김수흥,김승원,김영주,김정호,김진표,김태년,김홍걸,박상혁,서영석,신정훈,우상호,윤관석,윤준병,임종성,홍기원"
2270,이장섭,"김진표,도종환,송갑석,양정숙,윤영찬,이광재,이병훈,임호선,홍성국"
2271,이상헌,"강선우,김교흥,김병기,김진표,김홍걸,류호정,신정훈,유정주,이병훈,전용기,한병도"
2272,김경만,"고영인,고용진,김성주,김수흥,김승원,김영주,김정호,김진표,김태년,김홍걸,서영석,신정훈,우상호,윤관석,윤준병,임종성,홍기원,홍성국"
2273,고민정,"김민석,김성주,김정호,김주영,서삼석,오영환,용혜인,윤건영,최혜영"
2274,최춘식,"구자근,김기현,김형동,김희곤,안병길,윤영석,윤창현,이명수,정희용,지성호"
2275,윤준병,"강득구,강선우,송옥주,신정훈,오영환,위성곤,이수진,이용빈,전재수"
2276,정일영,"김경만,김정호,김주영,김진표,맹성규,민형배,박찬대,송기헌,송영길,윤관석,윤후덕,이광재,이성만,이용선,주철현,최종윤,허종식,홍정민"
2277,성일종,"김성원,백종헌,안병길,양금희,이주환,전봉민,정동만,홍문표,황보승희"
2278,이용호,"강득구,고용진,민병덕,박상혁,윤미향,이용빈,정동만,최연숙,한병도"
2279,허종식,"김교흥,김민기,김성주,김정호,박찬대,어기구,유동수,이성만,이용선"
2280,김영호,"강병원,김민기,김종민,김홍걸,서영교,위성곤,윤건영,이병훈,이용호,이장섭,정청래,한병도"
2281,백혜련,"김영진,김진표,박광온,박영순,신동근,양기대,오영환,홍성국,홍정민"
2282,김주영,"고용진,김진표,류호정,민형배,박정,오영환,윤후덕,이개호,이병훈,이수진,이용선,정일영"
2283,이수진,"강민정,강병원,권인숙,노웅래,민형배,안호영,윤미향,윤준병,임종성"
2284,최혜영,"강선우,김승원,남인순,박홍근,서영석,양향자,이은주,조오섭,최기상"
2285,최혜영,"강선우,김남국,김민철,남인순,박홍근,서영석,양향자,이은주,조오섭"
2286,임오경,"박정,서영교,오영환,유정주,이병훈,이상헌,이수진,이형석,장철민,전용기,한준호"
2287,강훈식,"김교흥,김윤덕,김홍걸,변재일,송재호,이동주,이성만,장철민,한병도"
2288,민홍철,"기동민,김병기,김병주,김정호,서영교,안규백,윤후덕,이병훈,이상헌"
2289,강훈식,"김교흥,김윤덕,김홍걸,변재일,송재호,이동주,이성만,장철민,한병도"
2290,김홍걸,"강선우,강훈식,김경만,김민철,류호정,양기대,오영환,임오경,한병도"
2291,강병원,"권칠승,김민석,김병기,김성주,김영호,오영환,우상호,임호선,최혜영,한준호"
2292,민홍철,"김병주,김정호,김홍걸,서영교,송갑석,안규백,윤후덕,이병훈,이상헌"
2293,유정주,"박정,박찬대,서영교,신정훈,이병훈,이상헌,이형석,장경태,허영,홍정민"
2294,한무경,"구자근,권명호,김병욱,김영식,서일준,윤한홍,이주환,이철규,조수진,추경호"
2295,백종헌,"강기윤,구자근,김용판,윤창현,이종성,이주환,지성호,추경호,하영제"
2296,전재수,"고용진,권인숙,김성환,김정호,신영대,양이원영,윤준병,인재근,임종성"
2297,정희용,"김병욱,김석기,김용판,백종헌,송언석,지성호,최춘식,추경호,태영호,한무경"
2298,이상헌,"강선우,김병기,안민석,유정주,이병훈,임오경,장경태,전용기,한병도"
2299,김철민,"권인숙,도종환,박찬대,서동용,신동근,안민석,오영환,이탄희,조승래"
2300,윤미향,"민형배,송옥주,안호영,양이원영,이성만,이수진,임종성,임호선,장철민"
2301,윤미향,"강민정,박정,양이원영,윤준병,이수진,이용호,정필모,조정훈,진성준"
2302,윤미향,"강민정,박정,양이원영,윤영덕,윤준병,이수진,이용호,정필모,진성준"
2303,이상헌,"강선우,김교흥,김병욱,김종민,김홍걸,류호정,서영석,송옥주,양정숙,유정주,이동주,이은주,장철민"
2304,이상헌,"강선우,김교흥,김병욱,김종민,류호정,서영석,양정숙,유정주,이동주,이은주,장철민"
2305,이상헌,"강선우,김교흥,김병욱,김종민,김홍걸,서영석,송옥주,양정숙,유정주,이동주,장철민"
2306,이철규,"구자근,권성동,서일준,서정숙,유상범,윤영덕,최형두,한기호,한무경"
2307,이철규,"구자근,권성동,서일준,서정숙,유상범,윤영덕,최형두,한기호,한무경"
2308,추경호,"구자근,김도읍,김상훈,김용판,성일종,이종배,정운천,정희용,조명희,한무경"
2309,윤영석,"강기윤,구자근,김태호,박대수,박덕흠,이채익,정운천,최춘식,최형두"
2310,김홍걸,"강선우,김경만,김민철,배진교,오영환,유동수,이상헌,이수진,이학영,임호선,전용기"
2311,김석기,"구자근,김선교,김예지,김정재,김희국,박성민,송언석,지성호,추경호,태영호"
2312,한병도,"강준현,김남국,김두관,김민석,김상희,김성주,박성준,윤관석,윤준병,이동주,이성만,이형석,전용기,전혜숙,한준호,홍성국,홍익표"
2313,정희용,"김병욱,김석기,김용판,송언석,이채익,지성호,최춘식,추경호,한무경"
2314,강기윤,"권명호,김희국,백종헌,서병수,성일종,윤주경,전봉민,최형두,추경호,태영호"
2315,이형석,"노웅래,서영교,안규백,양기대,이병훈,이성만,이용빈,이해식,전용기"
2316,이형석,"노웅래,서영교,안규백,양기대,이병훈,이성만,이용빈,이해식,전용기"
2317,이형석,"노웅래,서영교,안규백,양기대,이병훈,이성만,이용빈,이해식,전용기"
2318,권칠승,"강병원,김민석,김민철,민병덕,박정,신정훈,안민석,오영환,윤관석,이장섭,임종성,임호선,정춘숙"
2319,강기윤,"김도읍,김선교,김태호,박대수,박성중,백종헌,서병수,성일종,윤주경,이종성,장제원,전봉민,최형두,추경호,태영호"
2320,서정숙,"구자근,권명호,김석기,김영식,김예지,박대수,박대출,박성민,백종헌,서범수,서일준,양금희,이만희,이채익,이철규,정경희,최춘식,추경호,하영제"
2321,강기윤,"김희국,박성중,백종헌,서병수,성일종,윤주경,전봉민,최형두,추경호,태영호"
2322,강기윤,"권명호,김희국,백종헌,서병수,성일종,전봉민,최형두,추경호,태영호"
2323,서정숙,"권명호,김상훈,김석기,김선교,김승수,김영식,김예지,박대수,박성민,백종헌,서범수,이만희,이채익,이철규,전주혜,최춘식,추경호,하영제"
2324,윤준병,"강선우,김교흥,김병기,김성주,문진석,오영환,위성곤,이수진,이용빈,전재수"
2325,강기윤,"구자근,김도읍,김선교,김은혜,박대수,박성중,백종헌,서병수,성일종,윤주경,이종성,전봉민,최형두,추경호,태영호"
2326,이상헌,"강선우,김병기,김승남,김진표,류호정,유정주,이병훈,전용기,한병도"
2327,강기윤,"권명호,김희국,백종헌,서병수,성일종,전봉민,최형두,추경호,태영호"
2328,강기윤,"권명호,김희국,박성중,백종헌,성일종,윤주경,전봉민,최형두,추경호,태영호"
2329,박홍근,"김민철,김영배,김홍걸,남인순,서영교,신정훈,윤후덕,이동주,이용우,전용기"
2330,이탄희,"강민정,김정호,김철민,류호정,박주민,양이원영,윤영덕,이성만,장철민,전혜숙,최혜영"
2331,이탄희,"강민정,김정호,김철민,류호정,박주민,양이원영,윤영덕,이성만,장철민,전혜숙,최혜영"
2332,이탄희,"강민정,김정호,김철민,류호정,박주민,양이원영,윤영덕,이성만,장철민,전혜숙,최혜영"
2333,노웅래,"김병기,김주영,김진표,소병훈,양기대,유기홍,이수진,장철민,한준호"
2334,이탄희,"김정호,류호정,박주민,양이원영,윤영덕,이성만,장철민,전혜숙,최혜영"
2335,노웅래,"김진표,송옥주,양기대,유기홍,이수진,임종성,임호선,장철민,한병도,한준호"
2336,이형석,"김민기,문진석,안규백,윤영덕,이병훈,이학영,임호선,조오섭,최기상,홍익표"
2337,오영훈,"강득구,강민정,김한정,김홍걸,류호정,박영순,오영환,윤미향,윤준병,이재정,인재근,정태호,조오섭,홍기원"
2338,이형석,"문진석,안규백,오영환,유정주,윤영덕,이병훈,임호선,정필모,한병도"
2339,신영대,"고영인,박성준,서영교,신정훈,안호영,위성곤,이개호,이용빈,허영"
2340,윤준병,"강선우,김교흥,김성주,김수흥,문진석,안호영,오영환,위성곤,이수진,이용빈,전재수,정일영"
2341,김홍걸,"강선우,강은미,김경만,김교흥,김민철,류호정,배진교,양기대,오영환,이상헌,이수진,이학영,임호선,전용기"
2342,이동주,"강훈식,김원이,김정호,박홍근,백혜련,송갑석,양이원영,위성곤,이학영,임종성"
2343,최춘식,"권영세,권은희,김성원,김희곤,신원식,이명수,이채익,정성호,정희용"
2344,김병욱,"강병원,고용진,김교흥,김정호,노웅래,민병덕,서동용,유동수,윤후덕,이병훈,이상헌,전재수,정일영,조승래,최인호"
2345,최혜영,"김성환,김한정,남인순,류호정,박주민,오영환,이수진,이재정,인재근,조오섭"
2346,박홍근,"강병원,김민철,김영배,김홍걸,노웅래,변재일,이동주,전용기,홍정민"
2347,김교흥,"김수흥,김승원,김윤덕,김진표,맹성규,박상혁,송옥주,양이원영,윤미향,이상헌,임호선,조정식,천준호,허종식"
2348,윤창현,"강민국,권은희,김희곤,성일종,양금희,윤한홍,조명희,최형두,추경호"
2349,윤창현,"강민국,권은희,김희곤,성일종,양금희,윤재옥,윤한홍,조명희,최형두,추경호"
2350,오영훈,"김민철,김진표,박광온,박재호,백혜련,서영교,설훈,송재호,신동근,양기대,오영환,위성곤,이병훈,이해식,이형석,임호선,최인호,한병도,홍영표,홍익표"
2351,박상혁,"강득구,김정호,김주영,민형배,이용빈,이정문,임종성,최인호,허영"
2352,한병도,"김민철,김승원,김정호,서영교,신현영,양정숙,오영환,이용빈,이형석"
2353,양금희,"김기현,김영식,서일준,유의동,이영,이주환,조명희,지성호,한무경"
2354,김주영,"고용진,김진표,류호정,박정,오영환,윤후덕,이개호,이병훈,이수진,이용우,정일영"
2355,김영주,"김교흥,김진표,신현영,이용빈,이학영,임오경,조승래,한준호,허종식"
2356,송언석,"권명호,김영식,김용판,김정재,김형동,박덕흠,양금희,위성곤,이태규,정희용,태영호"
2357,전재수,"강민정,고용진,권인숙,김성환,김정호,양이원영,유정주,윤준병,인재근,허영"
2358,이상헌,"강선우,김교흥,김병기,김승남,류호정,신정훈,유정주,전용기,한병도"
2359,전재수,"강민정,김성환,김정호,박상혁,양이원영,유정주,윤준병,인재근,허영"
2360,김성주,"강병원,박상혁,윤준병,이용빈,임호선,전용기,정춘숙,최연숙,최혜영,허종식"
2361,인재근,"김민기,김성주,서동용,서영석,소병훈,오영훈,조오섭,최종윤,최혜영"
2362,인재근,"김민기,김성주,서동용,서영석,소병훈,오영훈,조오섭,최종윤,최혜영"
2363,배진교,"강은미,김홍걸,류호정,심상정,양정숙,이수진,이은주,장혜영,허종식"
2364,인재근,"김민기,김성주,서동용,서영석,소병훈,오영훈,조오섭,최종윤,최혜영"
2365,인재근,"김민기,김성주,서동용,서영석,소병훈,오영훈,조오섭,최종윤,최혜영"
2366,인재근,"김민기,김성주,서동용,서영석,소병훈,오영훈,조오섭,최종윤,최혜영"
2367,서영교,"김민철,안호영,양정숙,오영환,윤미향,이병훈,이수진,이형석,임오경"
2368,유정주,"김승원,김용민,류호정,변재일,윤재갑,이수진,이수진,이용빈,장경태,최혜영,홍정민"
2369,김태호,"권성동,김성원,박대수,서일준,안병길,윤영석,이종성,조명희,홍문표"
2370,김성주,"강병원,박상혁,이용빈,임호선,전용기,정춘숙,최연숙,최혜영,허종식"
2371,김병욱,"강민국,김교흥,김민기,김병기,김영진,김윤덕,김태호,류호정,문진석,박성준,박주민,박찬대,박홍근,백혜련,안민석,양이원영,오영환,위성곤,윤후덕,이용빈,임종성,조정식,태영호,홍정민"
2372,이해식,"김수흥,노웅래,백혜련,서영교,안규백,오영환,이형석,정일영,조승래,천준호,한준호"
2373,권영세,"김기현,김용판,박대수,박성민,백종헌,송언석,정희용,지성호,추경호,태영호"
2374,박대수,"구자근,김용판,김정재,김형동,안병길,양금희,용혜인,윤영석,이종성,이주환,정찬민,지성호,추경호,하태경"
2375,최형두,"김예지,배현진,송언석,윤영석,이상헌,이종성,이철규,추경호,태영호"
2376,서동용,"권인숙,김정호,김철민,박찬대,안민석,유기홍,윤영덕,이동주,인재근"
2377,서동용,"권인숙,김정호,김철민,박찬대,안민석,유기홍,윤영덕,이동주,인재근"
2378,이상헌,"강선우,김교흥,김병기,김진표,류호정,송재호,신정훈,유정주,이병훈,전용기,한병도"
2379,서동용,"권인숙,김정호,김철민,박찬대,안민석,유기홍,윤영덕,이동주,인재근"
2380,박대수,"구자근,김용판,김정재,김형동,안병길,양금희,윤영석,이종성,이주환,이태규,지성호,추경호"
2381,박대수,"구자근,김정재,김형동,안병길,양금희,윤영석,이종성,이주환,이태규,정찬민,지성호,하태경"
2382,최혜영,"고영인,남인순,박홍근,서동용,위성곤,이수진,이은주,이재정,조오섭"
2383,최혜영,"강득구,강선우,강준현,고영인,남인순,오영환,이상헌,이원택,조오섭"
2384,박상혁,"강병원,김교흥,김성주,김원이,김정호,김주영,민형배,박주민,변재일,서영석,안호영,우원식,유정주,윤영덕,윤준병,이수진,이수진,이용빈,이정문,이학영,이해식,임오경,임호선,정일영,주철현,진성준,천준호,최인호,허영"
2385,박상혁,"김성주,김원이,김정호,김주영,민형배,박주민,변재일,서영석,우원식,윤영덕,윤준병,이수진,이수진,이용빈,이정문,이학영,임오경,임호선,정일영,주철현,진성준,천준호,최인호,허영"
2386,이형석,"문진석,서영교,안규백,오영환,유정주,윤영덕,이병훈,이용빈,조오섭,한병도,홍익표"
2387,이은주,"강민정,강은미,류호정,배진교,소병훈,심상정,오영환,장혜영,최혜영"
2388,배현진,"김상훈,김형동,윤영석,이명수,정희용,최형두,추경호,태영호,허은아,황보승희"
2389,배현진,"김형동,윤영석,이명수,정희용,최형두,추경호,태영호,허은아,황보승희"
2390,김정재,"구자근,김기현,김병욱,김영식,박대수,박대출,송언석,이철규,추경호,태영호,한무경"
2391,오영환,"강병원,강준현,김병기,김홍걸,문정복,신현영,윤준병,이개호,이병훈,임오경,장철민"
2392,이주환,"김승수,김용판,김태흠,박대수,배준영,서병수,성일종,윤창현,정찬민,지성호,태영호"
2393,고영인,"권칠승,김남국,김홍걸,윤미향,이용빈,장철민,전재수,정태호,홍정민"
2394,고영인,"권칠승,김경만,김남국,김홍걸,이용빈,이해식,이형석,전재수,홍정민"
2395,최혜영,"고민정,고영인,김남국,김민철,남인순,박홍근,서동용,위성곤,이수진,이은주,이재정,조오섭"
2396,이상헌,"강선우,김교흥,김병기,도종환,민홍철,송재호,신정훈,전용기,정일영,조응천,한병도"
2397,이상헌,"강선우,김교흥,김병기,김진표,도종환,류호정,민홍철,송재호,유정주,임오경,전용기,한병도"
2398,홍정민,"강준현,김남국,김병기,김병욱,김병주,김승원,김윤덕,노웅래,민형배,소병훈,신정훈,오영환,위성곤,윤준병,이용빈,이용선,장경태,정일영,정필모,조오섭,천준호,황운하"
2399,이상헌,"강선우,김교흥,김병기,김진표,도종환,류호정,민홍철,송재호,유정주,이병훈,전용기,한병도"
2400,이장섭,"김영배,김진표,양정숙,유정주,윤영찬,이학영,임호선,전재수,한병도,홍성국"
2401,이상헌,"강선우,김병기,송재호,양정숙,유정주,이동주,이병훈,장경태,한병도"
2402,이상헌,"강선우,김병기,김진표,도종환,민홍철,송재호,유정주,이병훈,임오경,정일영,조응천,한병도"
2403,이종성,"강기윤,김기현,김승수,김예지,김태호,김형동,박대수,서정숙,정운천,최형두"
2404,송언석,"곽상도,구자근,김병욱,김성원,김영식,김용판,박덕흠,안병길,태영호"
2405,김상희,"강준현,류호정,백혜련,서영교,이상헌,이해식,인재근,정춘숙,최종윤,최혜영"
2406,김한정,"강병원,김영배,김영호,소병훈,이병훈,이성만,이인영,정일영,정필모"
2407,최혜영,"강득구,강선우,강준현,박성준,오영환,이상헌,이수진,이원택,조오섭"
2408,최혜영,"강득구,강선우,강준현,박성준,오영환,이상헌,이수진,이원택,조오섭"
2409,최혜영,"강득구,강선우,강준현,김홍걸,박성준,오영환,이상헌,이원택,조오섭"
2410,최혜영,"강득구,강선우,강준현,박성준,오영환,이상헌,이수진,이원택,조오섭"
2411,최혜영,"강득구,강선우,강준현,박성준,오영환,이상헌,이수진,이원택,조오섭"
2412,최혜영,"강득구,강선우,강준현,박성준,오영환,이상헌,이수진,이원택,조오섭"
2413,최혜영,"강득구,강선우,강준현,박성준,오영환,이상헌,이수진,이원택,조오섭"
2414,최혜영,"강득구,강선우,강준현,고영인,남인순,오영환,이상헌,이원택,조오섭"
2415,최혜영,"강득구,강선우,강준현,박성준,오영환,이상헌,이수진,이원택,조오섭"
2416,최혜영,"강득구,강선우,강준현,박성준,오영환,이상헌,이수진,이원택,조오섭"
2417,이용호,"강득구,김남국,김영호,박주민,윤미향,윤재갑,윤준병,이용빈,최인호"
2418,추경호,"김병욱,김예지,김용판,김정재,윤창현,임이자,정운천,조명희,최형두"
2419,윤재갑,"강민정,강병원,김민철,박홍근,신정훈,윤건영,이개호,조오섭,홍문표"
2420,지성호,"권영세,김석기,김예지,김형동,박대수,박진,서일준,양금희,이명수,조태용"
2421,천준호,"김진표,문정복,민병덕,박상혁,박홍근,윤관석,진성준,한준호,홍기원"
2422,천준호,"강선우,김진표,문정복,박상혁,박홍근,송재호,신영대,이해식,진성준"
2423,조명희,"김병욱,김석기,김형동,박대수,박덕흠,백종헌,성일종,안병길,유의동,이태규,최승재,추경호,홍문표,황보승희"
2424,천준호,"김성환,김진표,문정복,민병덕,박상혁,박홍근,진성준,한준호,홍기원"
2425,조명희,"김병욱,김형동,박대수,박덕흠,백종헌,성일종,유의동,최승재,추경호,홍문표,황보승희"
2426,이용우,"김병욱,민병덕,오영환,이병훈,이학영,장경태,정필모,최기상,홍정민"
2427,이용우,"김병욱,민병덕,오영환,이병훈,이학영,장경태,정필모,최기상,홍정민"
2428,김상훈,"강기윤,김영식,김태호,박진,이명수,이주환,조경태,한무경,황보승희"
2429,최승재,"구자근,권명호,김정재,류호정,양금희,엄태영,윤영석,이주환,이철규,조정훈,한무경"
2430,송영길,"강훈식,고용진,김경만,김민석,김병욱,김병주,김상희,김수흥,김영진,김정호,김주영,김진표,김홍걸,백혜련,변재일,서영석,소병철,송옥주,안민석,안호영,양향자,오기형,오영환,윤영찬,윤후덕,이광재,이수진,이용빈,이원욱,이장섭,이학영,이해식,임오경,임종성,전용기,조승래,주철현,최인호,최혜영,한병도,홍기원,홍익표,홍정민,황운하"
2431,이상헌,"강선우,김교흥,김병기,김승남,도종환,송재호,신정훈,유정주,전용기,정일영,조응천,한병도"
2432,홍정민,"강준현,강훈식,김경만,김민석,김병욱,김병주,김상희,김영진,김주영,김진표,김홍걸,노웅래,변재일,서영석,소병철,송영길,송옥주,안민석,양향자,오기형,오영환,윤영찬,윤후덕,이광재,이수진,이용우,이원욱,이장섭,이학영,임오경,임호선,전용기,조승래,최인호,홍기원,홍익표"
2433,이상헌,"강선우,김병기,김병욱,송재호,양정숙,이동주,임오경,전용기,정일영,한병도"
2434,김영배,"권칠승,김윤덕,송갑석,신영대,양기대,오영환,이병훈,이장섭,이정문,한병도"
2435,박형수,"강대식,김석기,김정재,박성중,박완수,서병수,성일종,윤창현,이주환,추경호"
2436,진성준,"강병원,김정호,박상혁,박찬대,박홍근,우원식,위성곤,이동주,천준호,홍기원"
2437,인재근,"강선우,고영인,권인숙,김한정,김홍걸,남인순,서동용,소병훈,최종윤"
2438,강병원,"강선우,권칠승,김두관,김성주,오영환,유기홍,이용호,이정문,허종식"
2439,위성곤,"강은미,김정호,신영대,윤재갑,윤준병,이용빈,이원택,이은주,홍성국"
2440,강병원,"김병기,김용민,김정호,민형배,박재호,신동근,용혜인,이수진,이용선,이탄희,정필모,진성준"
2441,진성준,"강병원,김두관,김정호,박상혁,박찬대,박홍근,우원식,위성곤,이동주,천준호,홍기원"
2442,윤준병,"강선우,김수흥,박주민,신정훈,안호영,양정숙,오영환,윤미향,이수진"
2443,김철민,"김영배,박찬대,서동용,서삼석,서영교,안민석,유기홍,윤영덕,이탄희"
2444,조명희,"김병욱,김석기,김용판,김형동,박대수,박덕흠,성일종,유의동,최승재,추경호,홍문표,황보승희"
2445,조명희,"김병욱,김형동,박대수,박덕흠,백종헌,안병길,유의동,이태규,최승재,추경호,홍문표,황보승희"
2446,윤준병,"강선우,김정호,김주영,신정훈,안호영,오영환,윤미향,윤영덕,최종윤"
2447,윤준병,"강선우,김수흥,신정훈,안호영,양정숙,윤미향,이용빈,임종성,최종윤"
2448,윤준병,"김민철,김정호,신정훈,안호영,오영환,윤미향,이광재,이수진,최종윤,홍기원"
2449,조명희,"김병욱,김석기,김형동,박대수,박덕흠,안병길,유의동,이태규,최승재,추경호,홍문표,황보승희"
2450,조명희,"김병욱,김형동,박대수,박덕흠,유의동,최승재,추경호,홍문표,황보승희"
2451,위성곤,"김승남,김정호,서삼석,신정훈,어기구,윤준병,이개호,이원택,최인호"
2452,임호선,"강병원,강선우,고용진,박용진,박재호,오영환,이수진,이용호,이형석"
2453,조명희,"김병욱,김형동,박대수,박덕흠,유의동,최승재,추경호,홍문표,황보승희"
2454,한병도,"김민철,김승원,김영배,신현영,양정숙,오영환,윤준병,이용빈,이형석"
2455,안병길,"권성동,김선교,김태흠,류성걸,박대수,서일준,유의동,이종성,조명희,최춘식"
2456,안병길,"권성동,김선교,김태흠,류성걸,박대수,서일준,유의동,이종성,조명희,최춘식"
2457,안병길,"권성동,김선교,김태흠,류성걸,박대수,서일준,유의동,이종성,조명희,최춘식"
2458,임호선,"강병원,강선우,백혜련,양기대,오영환,이용호,이장섭,이학영,전용기"
2459,박홍근,"강병원,김주영,김홍걸,노웅래,서영석,설훈,신정훈,임종성,정성호"
2460,박홍근,"강병원,고용진,김영진,김홍걸,노웅래,이동주,이용빈,정성호,진성준"
2461,윤미향,"강민정,박정,양이원영,용혜인,윤영덕,이성만,이수진,조정훈,진성준"
2462,윤미향,"강득구,고영인,권인숙,박찬대,안호영,양이원영,윤준병,이성만,이수진"
2463,윤미향,"박정,양이원영,윤영덕,윤준병,이성만,이수진,이용호,정필모,조정훈,진성준,홍기원"
2464,최연숙,"권영세,권은희,김성주,윤두현,이달곤,이은주,이태규,전봉민,최종윤"
2465,태영호,"권명호,권영세,김병욱,김석기,김영식,김정재,박성중,배현진,송석준,조경태,조명희,한무경"
2466,소병훈,"김영배,남인순,문정복,오영환,윤재갑,인재근,임종성,조오섭,허영"
2467,김정재,"구자근,김병욱,김영식,박덕흠,송언석,유의동,이철규,정운천,최형두,추경호,태영호"
2468,안민석,"김철민,도종환,박찬대,박홍근,서동용,양경숙,유기홍,이상민,이상헌,이정문,홍성국"
2469,김영배,"김철민,박완주,박재호,박홍근,송재호,양기대,이해식,이형석,한병도"
2470,추경호,"강기윤,김예지,김용판,박완수,유의동,윤창현,정운천,정진석,조명희,최형두"
2471,김상희,"강훈식,남인순,류호정,박주민,박홍근,윤준병,이용빈,이해식,정일영,한준호"
2472,김병욱,"고용진,김교흥,김정호,김한정,송갑석,유동수,조응천,최인호,홍성국"
2473,윤재옥,"구자근,김은혜,김희곤,박덕흠,박성중,박수영,유의동,윤두현,윤주경,정희용"
2474,추경호,"강기윤,김예지,김용판,박덕흠,서일준,유의동,윤창현,이종배,정운천,정진석"
2475,이수진,"강민정,강은미,김경협,김두관,송옥주,심상정,안호영,윤미향,윤준병,임종성"
2476,허영,"강선우,김윤덕,박홍근,소병훈,위성곤,유정주,윤준병,이형석,전재수,조응천,천준호"
2477,권칠승,"강병원,고영인,고용진,김민석,김영배,박상혁,박정,박홍근,임종성,임호선"
2478,권칠승,"강병원,고영인,김민석,김영배,김종민,김철민,박상혁,박정,임종성"
2479,권칠승,"고영인,고용진,김영배,김종민,민병덕,박상혁,박정,박홍근,윤관석,임종성"
2480,소병훈,"서동용,송갑석,양정숙,우원식,윤준병,인재근,정춘숙,최종윤,최혜영"
2481,전재수,"강민정,고용진,김성환,김정호,박상혁,양이원영,유정주,윤준병,허영,홍성국"
2482,최혜영,"강병원,김성주,김영배,김원이,류호정,박홍근,인재근,정춘숙,조오섭,최종윤,허종식"
2483,신정훈,"김두관,김영호,김원이,김진표,박영순,박홍근,서영교,유정주,윤재갑,이상헌,이원욱,전용기,전재수,홍정민"
2484,허종식,"김교흥,김정호,박찬대,배진교,신동근,어기구,유동수,이동주,이성만,정일영,최종윤"
2485,추경호,"강기윤,김예지,김용판,유의동,윤창현,정운천,정진석,조명희,최형두"
2486,추경호,"김예지,김용판,박대수,박완수,서일준,유의동,윤창현,이종배,임이자,정운천,정진석,조명희"
2487,민형배,"강민정,김남국,김승원,김용민,김홍걸,민병덕,박영순,서동용,설훈,소병훈,송재호,양경숙,양이원영,양정숙,윤미향,윤영덕,윤재갑,이동주,이재정,최강욱"
2488,고용진,"김경만,김수흥,김주영,김진표,박성준,양향자,윤관석,윤후덕,전재수,정일영"
2489,최춘식,"권영세,김기현,김성원,김용판,김형동,박덕흠,이만희,이명수,정희용"
2490,추경호,"김예지,김용판,박대수,박완수,서일준,유의동,윤창현,이종배,임이자,정운천,정진석,최춘식,홍문표"
2491,고용진,"김경만,김수흥,김주영,박성준,박홍근,양향자,윤관석,윤후덕,전재수,정일영"
2492,추경호,"김예지,김용판,서일준,유경준,유의동,윤창현,이종배,임이자,정운천,정진석"
2493,김용민,"고영인,김의겸,민병덕,박주민,서동용,유정주,윤영덕,이성만,최혜영"
2494,박찬대,"강득구,강민정,권인숙,김영배,김철민,도종환,박홍근,서동용,안민석,윤영덕"
2495,서동용,"권인숙,김병욱,김정호,김철민,도종환,안민석,이동주,인재근,전혜숙"
2496,최혜영,"강득구,강준현,김홍걸,박성준,박홍근,송재호,오영환,이상민,이상헌,이수진,이원택,조오섭"
2497,김병욱,"김교흥,김정호,서동용,윤후덕,이병훈,이상헌,전재수,조승래,최인호"
2498,서동용,"권인숙,김병욱,김정호,김철민,도종환,안민석,이동주,인재근,전혜숙"
2499,최혜영,"강득구,강준현,문정복,박성준,오영환,이상헌,이수진,이원택,조오섭,최기상"
2500,최혜영,"강득구,강준현,문정복,박성준,오영환,이상헌,이수진,이원택,조오섭"
2501,최혜영,"강득구,강준현,문정복,박성준,오영환,이상헌,이수진,이원택,조오섭"
2502,김수흥,"강선우,고용진,김교흥,김주영,서영석,안규백,양경숙,양정숙,윤준병,윤후덕,이해식"
2503,전재수,"강민정,고용진,김정호,박상혁,양이원영,유정주,윤미향,윤준병,허영"
2504,고민정,"권칠승,김두관,김민석,김원이,김주영,백혜련,양경숙,조오섭,최혜영"
2505,추경호,"김상훈,김선교,김예지,김용판,성일종,엄태영,윤창현,이종배,이주환,조명희"
2506,강병원,"고영인,권칠승,기동민,김민석,김병기,박홍근,이수진,임호선,최종윤,허종식"
2507,이탄희,"강민정,강은미,고민정,고영인,류호정,민병덕,박주민,서동용,소병훈,양정숙,유정주,이성만,전혜숙,정필모,최강욱,최혜영"
2508,김민석,"강득구,고민정,김성주,김영주,김원이,박상혁,서영교,서영석,안호영,우상호,우원식,위성곤,윤준병,이병훈,이성만,이용빈,이용선,이학영,임오경,정성호,정태호,최혜영,한병도,허종식"
2509,김민석,"강득구,고민정,김성주,김영주,김원이,박상혁,서영교,서영석,안호영,우상호,우원식,위성곤,윤준병,이병훈,이성만,이용빈,이용선,이학영,임오경,정성호,정태호,최혜영,한병도,허종식"
2510,김민철,"강선우,김철민,민형배,박완주,박재호,백혜련,서영교,오영환,오영훈,이은주,이해식,임호선,한병도"
2511,김민철,"김철민,민형배,박완주,박재호,백혜련,서영교,오영훈,윤영덕,이은주,이해식,임호선,한병도"
2512,김두관,"고영인,기동민,김정호,노웅래,신정훈,양기대,윤후덕,이수진,전재수,정성호,주철현,진성준"
2513,김민석,"강득구,강민정,양정숙,윤준병,이용빈,이은주,최혜영,허종식,홍정민"
2514,송재호,"강훈식,김민철,김병욱,김승남,김영진,문진석,민병덕,민형배,위성곤,윤재갑,이상헌"
2515,장철민,"김민철,송옥주,안호영,윤준병,이수진,임오경,임종성,장경태,황운하"
2516,강병원,"김민석,김영호,서영석,유동수,윤관석,윤영찬,이광재,임호선,전혜숙,최종윤,허종식"
2517,송재호,"강훈식,김병욱,김승남,민병덕,민형배,박성준,위성곤,윤재갑,주철현"
2518,조명희,"김병욱,김용판,박대수,성일종,유의동,이태규,최승재,추경호,홍문표,황보승희"
2519,조명희,"김병욱,김용판,박대수,백종헌,성일종,유의동,윤창현,최승재,추경호,홍문표,황보승희"
2520,김병욱,"강대식,구자근,김석기,김정재,김형동,류성걸,박대수,박성민,백종헌,윤두현,윤주경,이만희,이용,전봉민,정희용,조명희,주호영,홍석준"
2521,김예지,"구자근,김석기,김선교,김태흠,엄태영,위성곤,이명수,이영,이종성,추경호"
2522,권칠승,"강병원,고영인,김민석,김영배,노웅래,박정,박홍근,윤준병,임종성,임호선"
2523,김성주,"고민정,고용진,김민석,김원이,남인순,박상혁,서영석,소병철,신영대,양정숙,윤준병,이용빈,이학영,임호선,전용기,정춘숙,조승래,최종윤,최혜영,허종식,홍성국,홍정민,황운하"
2524,김성주,"고민정,고용진,김민석,김원이,남인순,박상혁,서영석,소병철,신영대,양정숙,윤준병,이용빈,이학영,임호선,전용기,정춘숙,조승래,최종윤,최혜영,허종식,홍성국,홍정민,황운하"
2525,김성주,"고민정,고용진,김민석,김원이,남인순,박상혁,서영석,소병철,신영대,양정숙,윤준병,이용빈,이학영,임호선,전용기,정춘숙,조승래,최종윤,최혜영,허종식,홍성국,홍정민,황운하"
2526,임이자,"곽상도,권명호,권성동,김희국,박대수,박덕흠,성일종,이종성,정찬민"
2527,김두관,"강병원,고민정,신정훈,이수진,이용우,이인영,이정문,전재수,조정식,주철현"
2528,허종식,"김교흥,김성주,김정호,박찬대,배진교,신동근,어기구,유동수,이동주,이성만,정일영"
2529,홍정민,"강훈식,고민정,김수흥,김승원,김정호,김진표,민형배,박홍근,송갑석,신정훈,윤준병,이수진,이용우,이탄희,정필모,최기상,한준호,허영"
2530,추경호,"강기윤,구자근,김용판,배현진,유경준,유의동,이종배,정진석,조명희,태영호"
2531,이수진,"기동민,김경만,김경협,김상희,김승원,김영주,김원이,김철민,민병덕,민형배,박영순,박완주,박재호,서영석,신정훈,위성곤,유정주,윤영덕,윤준병,이병훈,이수진,이용선,이원택,임오경,임호선,장경태,주철현,허영,홍기원,홍정민,황운하"
2532,유의동,"강대식,권성동,김병욱,김성원,김영식,김희국,안병길,유경준,조명희,추경호"
2533,이헌승,"권영세,김도읍,김병욱,김성원,김정재,김태흠,김형동,김희곤,박수영,서병수,송석준,안병길,윤창현,이양수,전주혜,조명희,조수진,하영제,하태경,황보승희"
2534,유의동,"구자근,김기현,김영식,송석준,양금희,이영,정찬민,조명희,추경호,한무경"
2535,유의동,"구자근,김기현,김영식,송석준,양금희,이영,정찬민,조명희,추경호,한무경"
2536,유의동,"구자근,김기현,김영식,송석준,양금희,이영,정찬민,조명희,추경호,한무경"
2537,유의동,"구자근,김기현,김영식,송석준,양금희,이영,정찬민,조명희,추경호,한무경"
2538,윤후덕,"김윤덕,김정호,김철민,변재일,서삼석,양정숙,양향자,임종성,조정식"
2539,유의동,"구자근,김기현,김영식,송석준,양금희,이영,정찬민,조명희,추경호,한무경"
2540,송언석,"권명호,김영식,김용판,김정재,김형동,박대수,박덕흠,양금희,이태규,최형두,태영호"
2541,윤후덕,"김두관,김병욱,김정호,김철민,변재일,서삼석,양경숙,양향자,임종성"
2542,민형배,"김철민,박상혁,박홍근,변재일,신정훈,윤준병,이수진,이정문,정필모,홍정민,황운하"
2543,정필모,"김원이,김정호,김홍걸,민형배,이용빈,이용우,한준호,홍익표,홍정민,황운하"
2544,민형배,"김병욱,김철민,변재일,신정훈,윤준병,이수진,이정문,정필모,홍정민,황운하"
2545,민형배,"김성환,김철민,박상혁,박홍근,변재일,신정훈,윤미향,윤영덕,윤준병,이수진,이정문,장경태,홍정민,황운하"
2546,김남국,"고영인,민형배,박상혁,이수진,이용우,임오경,장철민,전용기,최기상"
2547,윤영덕,"강은미,권인숙,김정호,문진석,민형배,송갑석,양향자,윤미향,이병훈"
2548,홍기원,"송석준,송옥주,오영환,윤재갑,윤후덕,진성준,천준호,최종윤,허종식"
2549,윤영덕,"강은미,권인숙,김정호,문진석,민형배,송갑석,양향자,윤미향,이병훈"
2550,윤영덕,"권인숙,김민철,문진석,민형배,박홍근,송갑석,양향자,윤미향,이병훈,이형석,조오섭"
2551,이상민,"강민정,강은미,강준현,김상희,김승원,김홍걸,남인순,도종환,민홍철,박범계,소병훈,송갑석,송영길,심상정,양경숙,양이원영,양정숙,용혜인,이상헌,이성만,이용선,인재근,정성호,정청래,정춘숙,진선미,최강욱,홍영표,홍익표"
2552,강선우,"김성환,김수흥,김진표,류호정,신동근,윤준병,이상헌,이수진,최혜영"
2553,민홍철,"기동민,김홍걸,서영교,신정훈,양향자,윤후덕,이광재,정성호,최인호"
2554,윤창현,"김용판,박대수,박성중,윤주경,윤한홍,이종성,정찬민,지성호,하영제"
2555,우원식,"김경만,김정호,김한정,남인순,박영순,박홍근,서동용,서영교,송옥주,양이원영,양정숙,용혜인,유정주,윤준병,이동주,이용빈,이학영,임종성,전혜숙"
2556,우원식,"김경만,김정호,김한정,남인순,박영순,박홍근,서동용,서영교,송옥주,양이원영,양정숙,양향자,용혜인,유정주,윤준병,이동주,이용빈,이탄희,이학영,임종성,전혜숙"
2557,김의겸,"강민정,김승남,김정호,남인순,민형배,서동용,장경태,조오섭,최기상"
2558,류성걸,"구자근,김병욱,김용판,김정재,김희국,박덕흠,서병수,이명수,정운천"
2559,윤창현,"김용판,김희곤,박대수,박성중,윤주경,윤한홍,이종성,지성호,하영제,허은아"
2560,윤창현,"김용판,박대수,박성중,윤주경,윤한홍,이종성,정찬민,지성호,하영제"
2561,윤창현,"김용판,박대수,박성중,윤주경,윤한홍,이종성,정찬민,지성호,하영제"
2562,윤창현,"김용판,박대수,박성중,윤주경,윤한홍,이종성,정찬민,지성호,하영제"
2563,윤창현,"김용판,박대수,박성중,윤주경,윤한홍,이종성,정찬민,지성호,하영제"
2564,윤창현,"김용판,박대수,박성중,윤주경,윤한홍,이종성,정찬민,지성호,하영제"
2565,최기상,"남인순,박성준,박주민,소병철,송기헌,양정숙,이수진,이용우,이용호,이형석"
2566,류성걸,"구자근,권영세,김용판,김정재,김희국,박덕흠,서일준,정운천,한무경"
2567,김승남,"기동민,김남국,송옥주,신정훈,양향자,오영환,이상헌,이해식,홍정민"
2568,추경호,"김상훈,김선교,김예지,김용판,백종헌,성일종,엄태영,윤창현,이종배,이주환,조명희"
2569,류성걸,"구자근,김병욱,김용판,김정재,김희국,박덕흠,서병수,이명수,정운천"
2570,한준호,"김병기,김영주,변재일,우원식,이병훈,이용빈,장경태,전혜숙,정필모,조승래,천준호,홍정민"
2571,윤후덕,"김두관,김윤덕,김정호,김철민,변재일,서삼석,이원욱,임종성,정일영"
2572,임종성,"강선우,김원이,민병덕,송기헌,송옥주,안호영,우원식,윤미향,이수진,한정애"
2573,임종성,"강선우,김원이,민병덕,송기헌,송옥주,안호영,우원식,윤미향,이수진,한정애"
2574,이병훈,"김민철,김정호,김한정,오영환,유정주,윤영덕,이장섭,이형석,한준호,홍성국"
2575,이종성,"강기윤,김기현,김영식,김용판,박대수,박덕흠,서일준,윤창현,정운천,추경호"
2576,이명수,"김병욱,김상훈,김예지,김형동,노웅래,서병수,성일종,이주환,장경태,최춘식,황보승희"
2577,고용진,"김경만,김민철,김진표,김홍걸,박성준,양정숙,이원욱,임오경,임호선,장철민,한준호"
2578,김예지,"구자근,김석기,김선교,류성걸,신원식,엄태영,이영,최형두,추경호"
2579,김윤덕,"김민석,김병욱,박상혁,안민석,이광재,이수진,이원택,이학영,정성호,한병도"
2580,최인호,"김병욱,민홍철,박상혁,송옥주,위성곤,이용호,이원택,이학영,전혜숙"
2581,김예지,"구자근,김석기,김선교,류성걸,류호정,박덕흠,신원식,이영,추경호"
2582,민형배,"김경협,김철민,김홍걸,박상혁,변재일,윤미향,이수진,이정문,장경태,홍정민,황운하"
2583,추경호,"김상훈,김선교,김예지,김용판,백종헌,성일종,엄태영,윤창현,이종배,이주환,조명희"
2584,민형배,"김경협,김병욱,김철민,김홍걸,문진석,박상혁,변재일,윤영덕,이수진,이정문,장경태,주철현,홍정민,황운하"
2585,박홍근,"강득구,강은미,고민정,권인숙,김기현,김민철,김병기,김성환,김승남,김승원,김영호,김원이,김진표,남인순,노웅래,도종환,문정복,민병덕,민홍철,박상혁,박영순,배진교,변재일,서영석,송갑석,송옥주,심상정,양정숙,우상호,우원식,위성곤,유정주,윤영덕,윤재갑,윤준병,이개호,이동주,이수진,이용우,이은주,이해식,이헌승,이형석,임종성,정필모,천준호,최강욱,최형두,한정애,한준호,허영,허종식,홍기원,황운하"
2586,강병원,"김두관,김민철,김병기,김승원,이광재,이수진,이원욱,임호선,장경태"
2587,추경호,"김상훈,김선교,김예지,김용판,백종헌,성일종,엄태영,윤창현,이종배,이주환,조명희"
2588,이장섭,"고영인,김경협,김진표,도종환,박광온,송갑석,신영대,양정숙,윤영찬,이광재,이병훈,이학영,임호선,한병도,홍성국"
2589,윤미향,"권인숙,민형배,송옥주,안호영,양이원영,윤준병,이수진,임종성,장철민"
2590,박주민,"김남국,김영배,김용민,노웅래,박성준,오기형,이수진,이용호,이해식,최기상"
2591,최인호,"김병욱,민홍철,박상혁,송옥주,위성곤,이용호,이원택,이학영,전혜숙"
2592,김예지,"구자근,권명호,김석기,김선교,류성걸,박덕흠,이용,추경호,한무경"
2593,최인호,"김병욱,민홍철,박상혁,송옥주,위성곤,이용호,이원택,이학영,전혜숙"
2594,김민기,"강득구,김영호,김주영,송재호,유정주,이용빈,이탄희,인재근,최종윤"
2595,서병수,"강기윤,김형동,류성걸,서일준,양금희,윤창현,이명수,조경태,최형두"
2596,김정호,"김윤덕,박상혁,서동용,어기구,윤후덕,이병훈,임종성,정성호,정춘숙,허종식"
2597,김정호,"기동민,김성환,김윤덕,민홍철,박상혁,서동용,신영대,어기구,윤후덕,이병훈,임종성,정성호,정춘숙,정태호,정필모,허종식"
2598,윤미향,"김홍걸,민형배,박정,송옥주,안호영,이성만,이수진,이용호,임종성"
2599,이수진,"강은미,김영배,김정호,박홍근,송옥주,심상정,안호영,용혜인,윤미향,이은주"
2600,이주환,"김성원,김용판,배준영,백종헌,양금희,윤창현,정찬민,지성호,태영호"
2601,유기홍,"강득구,고용진,권인숙,김남국,김두관,김성주,김수흥,김승남,김승원,김영배,김영주,김영호,김정호,김주영,김홍걸,김회재,노웅래,도종환,류호정,민병덕,민형배,박영순,박찬대,서동용,서영교,서영석,설훈,송옥주,신영대,신정훈,안호영,어기구,오영환,위성곤,윤준병,이광재,이병훈,이수진,이인영,이정문,이학영,이형석,임종성,임호선,장철민,정진석,정태호,조응천,주철현,최기상,최인호,허영,홍성국,황운하"
2602,김승남,"김경만,김수흥,김의겸,김정호,백혜련,서동용,양정숙,윤영찬,윤재갑,인재근"
2603,유기홍,"강득구,고용진,권인숙,김남국,김두관,김성주,김수흥,김승남,김승수,김승원,김영배,김영주,김영호,김정호,김주영,김홍걸,김회재,노웅래,도종환,류호정,민병덕,민형배,박영순,박찬대,서동용,서영교,서영석,설훈,송옥주,송재호,신영대,신정훈,안호영,어기구,오영환,오영훈,위성곤,윤준병,이광재,이병훈,이상민,이수진,이인영,이정문,이학영,이형석,임종성,임호선,장철민,정일영,정진석,정태호,조오섭,조응천,주철현,최기상,최인호,최형두,허영,홍성국,황운하"
2604,이헌승,"김도읍,김병욱,김성원,김정재,김태흠,김형동,박수영,백종헌,서병수,송석준,송언석,윤창현,이양수,이종배,임이자,전주혜,정동만,최형두"
2605,유기홍,"강민정,권인숙,김철민,박찬대,서동용,서영교,안민석,유정주,윤영덕,임호선,조오섭"
2606,이용빈,"김민기,김성주,김홍걸,유정주,이용선,이용호,이형석,전혜숙,조승래,한준호"
2607,강은미,"강민정,김예지,류호정,민병덕,배진교,심상정,용혜인,윤영덕,이규민,이상민,이용빈,이은주,장혜영,전혜숙,정춘숙,조오섭"
2608,추경호,"김상훈,김선교,김예지,김용판,백종헌,성일종,엄태영,윤창현,이종배,이주환,조명희"
2609,한준호,"기동민,김홍걸,노웅래,오영환,이용빈,이원욱,임오경,장철민,조응천,홍성국"
2610,김원이,"기동민,김성주,박상혁,박홍근,우원식,유정주,이동주,최혜영,홍성국"
2611,김원이,"기동민,김성주,박상혁,박홍근,우원식,유정주,이동주,최혜영,홍성국"
2612,이용빈,"강득구,강은미,고영인,김경협,김민석,김민철,김병욱,김성주,김윤덕,김진표,김홍걸,서영석,양정숙,오영환,유정주,윤영찬,윤준병,이광재,이용선,이용호,이원욱,이정문,장경태,전혜숙,정춘숙,조오섭,조정훈,한병도,한준호,홍정민"
2613,조응천,"강준현,김교흥,김철민,문정복,박상혁,소병훈,오영환,조오섭,천준호,한준호"
2614,송영길,"고용진,김두관,김병기,김승남,김영호,김윤덕,김태년,문진석,민홍철,박성준,서동용,양경숙,윤관석,이동주,이성만,이용빈,이탄희,이해식,허종식"
2615,송영길,"고용진,김두관,김병기,김승남,김영호,김윤덕,김태년,문진석,민홍철,박성준,서동용,양경숙,윤관석,이동주,이성만,이용빈,이탄희,이해식,허종식"
2616,안호영,"강선우,김영주,송옥주,신동근,양기대,윤준병,이병훈,이수진,임종성,홍성국"
2617,유정주,"김홍걸,신동근,신정훈,이병훈,이상헌,이용빈,임오경,장경태,전재수"
2618,문진석,"김민기,민형배,변재일,서영석,송갑석,이동주,이용빈,이정문,이형석,조오섭"
2619,박대수,"김선교,김용판,김정재,김태호,김희곤,안병길,이종성,이주환,지성호,최춘식"
2620,추경호,"김상훈,김선교,김예지,김용판,백종헌,성일종,엄태영,윤창현,이종배,이주환,조명희"
2621,김병욱,"김병주,김승원,김종민,김형동,박성준,백혜련,소병훈,안규백,양경숙,양이원영,윤재갑,이상헌,이성만,조오섭,최인호,홍성국,홍정민"
2622,한준호,"고용진,기동민,김홍걸,노웅래,오영환,이용빈,이원욱,임오경,장철민,정필모,조승래,조응천,홍성국"
2623,최기상,"김경만,김경협,김남국,김승원,김진표,남인순,양정숙,윤영덕,이용우,이형석,진성준,홍정민"
2624,강민정,"강득구,강은미,김윤덕,김의겸,용혜인,윤재갑,이수진,전재수,최강욱,최혜영"
2625,김승원,"김의겸,민형배,박정,송옥주,안민석,유정주,윤준병,이성만,정필모,조정식,최강욱,한병도"
2626,송기헌,"김영배,김종민,박광온,박성준,백혜련,소병철,이수진,정성호,최기상"
2627,임오경,"김남국,김진표,오영환,유정주,윤재갑,이병훈,이상헌,임호선,전용기"
2628,장혜영,"강민정,강은미,고민정,김두관,김상희,김성주,남인순,류호정,배진교,심상정,용혜인,이수진,이은주,최혜영,허종식"
2629,최기상,"김경만,김경협,김남국,김승원,남인순,양정숙,윤영덕,이형석,진성준,홍정민"
2630,이원택,"김경만,김성환,서삼석,송갑석,유동수,윤영덕,윤재갑,윤준병,장경태,조오섭"
2631,최기상,"김경만,김경협,김남국,김승원,김진표,남인순,윤영덕,이용우,이형석,진성준,홍정민"
2632,김홍걸,"김경만,김민철,도종환,민형배,박상혁,양정숙,오영환,유정주,이학영,한준호"
2633,이형석,"김민기,김민철,안규백,윤준병,이병훈,임호선,조오섭,최기상,허영,홍익표"
2634,정일영,"고용진,김경협,김교흥,김수흥,김영주,김영진,김의겸,김주영,김진표,박홍근,소병철,송기헌,신동근,안규백,양이원영,양정숙,용혜인,유동수,윤건영,윤관석,윤준병,이상헌,이성만,이수진,이용우,이해식,임오경,정성호,조승래,주철현,최기상,최종윤,허영,허종식,홍기원,홍성국,홍영표"
2635,최종윤,"김민철,김정호,김홍걸,남인순,송옥주,윤준병,정일영,조오섭,허종식"
2636,최종윤,"김민철,김정호,김홍걸,남인순,송옥주,윤준병,정일영,조오섭,허종식"
2637,이용빈,"강득구,강은미,강훈식,고영인,김병욱,김성환,김승남,문진석,박찬대,양정숙,위성곤,유정주,윤준병,이병훈,이용선,이형석,장경태,전혜숙,정춘숙,조승래,조오섭,한병도,한준호,홍정민"
2638,이용빈,"강득구,강은미,강훈식,고영인,김병욱,김성환,김승남,문진석,박찬대,양정숙,위성곤,유정주,윤준병,이병훈,이용선,이형석,장경태,전혜숙,정춘숙,조승래,조오섭,한병도,한준호,홍정민"
2639,신현영,"강민정,김경만,김민석,김승원,김영배,김진표,도종환,맹성규,민형배,박영순,박홍근,양이원영,양정숙,오영환,위성곤,유정주,윤건영,윤준병,이광재,이규민,이병훈,이수진,이용빈,이용우,이용호,정찬민,천준호,최종윤,허종식,홍기원,황운하"
2640,권인숙,"강득구,강선우,김민철,김철민,박찬대,서동용,유동수,유정주,윤미향,윤준병,이수진,장경태"
2641,추경호,"김상훈,김선교,김예지,김용판,백종헌,성일종,엄태영,윤창현,이종배,이주환,조명희"
2642,정청래,"강득구,권인숙,김남국,김영배,김영호,박성준,오영환,위성곤,임오경"
2643,박상혁,"김남국,김윤덕,문진석,민형배,박정,안호영,어기구,이정문,임오경,최인호"
2644,이주환,"김성원,김용판,김태흠,박대수,백종헌,엄태영,윤창현,정찬민,지성호"
2645,서병수,"강기윤,김형동,서일준,양금희,윤영석,윤창현,이명수,이헌승,조경태,최형두"
2646,김교흥,"강훈식,김수흥,김홍걸,문정복,박찬대,양정숙,이용선,장경태,허종식"
2647,고민정,"권칠승,김민석,김주영,민병덕,서삼석,신영대,용혜인,이용우,임종성,최혜영"
2648,위성곤,"김성환,김원이,소병철,양정숙,윤재갑,윤준병,이개호,조정훈,최인호"
2649,김석기,"김기현,김병욱,김태호,박진,정진석,조명희,조태용,지성호,태영호"
2650,김병욱,"고용진,김민기,김정호,김종민,이병훈,전용기,전재수,전혜숙,최인호"
2651,홍문표,"김희곤,성일종,윤재갑,이달곤,이영,이주환,정운천,조경태,태영호"
2652,전주혜,"강대식,강민국,구자근,김선교,김승수,김정재,김태호,박대출,박수영,유경준,유상범,윤두현,이종성,정동만,조명희,최춘식,추경호,태영호,허은아"
2653,이원욱,"고용진,김민철,김영주,김주영,송옥주,유기홍,이용빈,한준호,홍익표,홍정민"
2654,김상훈,"권성동,김승수,김예지,김희국,서정숙,유경준,이만희,최연숙,추경호"
2655,전주혜,"강대식,강민국,구자근,김선교,김승수,김정재,박대출,박수영,유경준,유상범,윤두현,이종성,정동만,조명희,최춘식,추경호,태영호,허은아"
2656,정춘숙,"김성주,김영진,김윤덕,김정호,민형배,박정,임종성,최혜영,허종식"
2657,전주혜,"강대식,강민국,구자근,김선교,김승수,김정재,김태호,박대출,박수영,유경준,유상범,윤두현,이종성,정동만,조명희,최춘식,추경호,태영호,허은아"
2658,윤영찬,"강병원,박광온,박홍근,오영훈,윤준병,이상민,이상헌,이용빈,전혜숙,조승래,홍익표"
2659,추경호,"김상훈,김선교,김예지,김용판,백종헌,성일종,엄태영,윤창현,이종배,이주환,조명희"
2660,허종식,"김교흥,김성주,김정호,배진교,신동근,어기구,유동수,윤관석,이성만,정일영,최종윤,홍영표"
2661,김용민,"김남국,김승원,김종민,김진표,문정복,오영환,유정주,이수진,최강욱,황운하"
2662,장경태,"김영배,민형배,박영순,안호영,오영환,윤미향,이수진,이원택,장철민"
2663,송언석,"곽상도,구자근,김병욱,김영식,김용판,박덕흠,안병길,정희용,최형두,태영호"
2664,노웅래,"김두관,김주영,송옥주,유기홍,이병훈,임종성,임호선,전용기,한준호,홍성국"
2665,강병원,"강민정,김병기,김영호,설훈,신동근,이광재,이동주,조정훈,한준호"
2666,김기현,"강기윤,강대식,강민국,곽상도,구자근,권명호,권성동,권영세,권은희,김도읍,김미애,김병욱,김상훈,김석기,김선교,김성원,김승수,김영식,김예지,김용판,김웅,김은혜,김정재,김태호,김태흠,김형동,김희곤,김희국,류성걸,박대수,박대출,박성민,박성중,박수영,박완수,박진,박형수,배준영,배현진,백종헌,서범수,서병수,서일준,서정숙,성일종,송석준,송언석,신원식,안병길,양금희,엄태영,유경준,유상범,유의동,윤두현,윤상현,윤영석,윤재옥,윤주경,윤창현,윤한홍,이달곤,이만희,이명수,이양수,이영,이용,이종배,이종성,이주환,이채익,이철규,이태규,이헌승,임이자,장제원,전주혜,정경희,정동만,정운천,정점식,정진석,정찬민,정희용,조경태,조명희,조수진,조태용,조해진,주호영,지성호,최승재,최연숙,최춘식,최형두,추경호,태영호,하영제,하태경,한기호,한무경,허은아,홍문표,홍석준,홍준표,황보승희"
2667,도종환,"김철민,김홍걸,문진석,신동근,안민석,유정주,이상헌,임오경,조승래"
2668,송재호,"김민기,김영배,김정호,오영환,용혜인,이성만,이용빈,이해식,최종윤"
2669,추경호,"김상훈,김선교,김예지,김용판,백종헌,성일종,엄태영,윤창현,이종배,이주환,조명희"
2670,이수진,"강은미,김영배,김정호,박홍근,송옥주,심상정,안호영,윤미향,임종성,장경태"
2671,송재호,"김민기,김영배,김정호,오영환,용혜인,이성만,이용빈,이탄희,이해식,이형석,최종윤"
2672,도종환,"김철민,김홍걸,문진석,신동근,안민석,유정주,이상헌,임오경,조승래"
2673,박재호,"강병원,김승원,김주영,서영교,오영환,윤준병,이형석,임호선,정춘숙,홍기원"
2674,박재호,"강병원,김민철,김승원,서영교,오영환,윤준병,이형석,임호선,정춘숙,홍기원"
2675,조승래,"강선우,김상희,변재일,윤영찬,이소영,이용빈,이원욱,전혜숙,한준호,홍성국,홍익표"
2676,박재호,"강병원,강선우,기동민,김경협,김민철,오영환,이형석,임호선,정춘숙,최종윤,홍기원"
2677,신현영,"김진표,서삼석,양정숙,윤건영,이수진,이용우,천준호,한병도,허영"
2678,최종윤,"김민기,김성주,김홍걸,남인순,박재호,송재호,인재근,임오경,조오섭,허종식"
2679,신현영,"김성주,김진표,양정숙,윤건영,이수진,이용우,천준호,한병도,허영"
2680,박재호,"강병원,강선우,기동민,김민철,오영환,이형석,임호선,정춘숙,최종윤,홍기원"
2681,김용민,"김남국,김승원,김종민,김진표,문정복,오영환,유정주,이수진,최강욱"
2682,최종윤,"김민기,김성주,남인순,박재호,송재호,인재근,임오경,조오섭,허종식"
2683,백종헌,"강기윤,박덕흠,이종성,이주환,이헌승,정운천,최연숙,최춘식,추경호"
2684,서병수,"강기윤,구자근,서일준,양금희,윤영석,윤창현,이명수,정희용,조경태,최형두"
2685,최종윤,"김민기,김성주,남인순,박재호,송재호,인재근,임오경,조오섭,허종식"
2686,최종윤,"김민기,김성주,남인순,박재호,송재호,인재근,임오경,조오섭,허종식"
2687,최종윤,"김민기,김성주,남인순,박재호,송재호,인재근,임오경,조오섭,허종식"
2688,김상훈,"권성동,김승수,김예지,김희국,박대출,서정숙,이명수,지성호,추경호"
2689,민홍철,"기동민,김정호,서영교,설훈,안규백,양향자,이상헌,임종성,홍영표"
2690,송갑석,"김정호,민형배,안호영,어기구,오영환,이규민,이성만,이장섭,전용기,조오섭,황운하"
2691,용혜인,"강민정,강은미,권인숙,박대수,박주민,심상정,윤재갑,이은주,조정훈"
2692,추경호,"김상훈,김선교,김예지,김용판,성일종,엄태영,윤창현,이종배,이주환,조명희"
2693,홍정민,"강선우,김민석,김승남,김정호,민형배,변재일,신정훈,유정주,정희용"
2694,강은미,"류호정,배진교,심상정,용혜인,윤영덕,이용빈,이은주,장혜영,조오섭"
2695,유경준,"김병욱,김상훈,김은혜,박성중,박수영,이용,정동만,추경호,태영호"
2696,추경호,"김상훈,김선교,김예지,김용판,백종헌,성일종,엄태영,윤창현,이종배,이주환,조명희"
2697,정희용,"구자근,김병욱,김영식,김용판,김희곤,이용,최춘식,추경호,태영호"
2698,소병철,"권인숙,김상희,서영교,신동근,오영환,이소영,임호선,정춘숙,최혜영"
2699,홍정민,"강선우,김민석,김승남,김정호,민형배,변재일,신정훈,유정주,이용빈"
2700,소병철,"권인숙,김상희,서영교,신동근,오영환,이소영,임호선,정춘숙,최혜영"
2701,배준영,"김병욱,박덕흠,박성민,송석준,안병길,양금희,이용,이주환,정찬민"
2702,오기형,"김민철,배진교,신동근,이광재,이해식,정필모,조오섭,홍영표,황운하"
2703,이학영,"김윤덕,김정호,김홍걸,우원식,이규민,이동주,이장섭,임호선,홍익표"
2704,이채익,"김상훈,김성원,김예지,김용판,박대수,박성민,서병수,송석준,이용"
2705,윤창현,"김용판,서병수,양금희,윤한홍,이종배,이주환,지성호,추경호,하영제"
2706,오기형,"김민철,배진교,신동근,이광재,이해식,정필모,조오섭,홍영표,황운하"
2707,김병욱,"구자근,김선교,류성걸,박완수,이명수,이종배,정희용,주호영,태영호"
2708,김성환,"김영배,김정호,민형배,박홍근,신정훈,양이원영,우원식,위성곤,윤건영,윤준병,이용빈,정태호,허영,황운하"
2709,김성환,"김경만,김승원,김영배,김영주,김정호,문진석,민형배,박홍근,신정훈,양이원영,우원식,위성곤,윤건영,윤준병,이수진,이용빈,이장섭,이해식,정태호,조오섭,허영,허종식,황운하"
2710,김성환,"김경만,김승원,김영배,김영주,김정호,문진석,민형배,박홍근,신정훈,양이원영,우원식,위성곤,윤건영,윤준병,이수진,이용빈,이장섭,이해식,정태호,조오섭,허영,허종식,황운하"
2711,김성환,"김경만,김승원,김영배,김영주,김정호,문진석,민형배,박홍근,신정훈,양이원영,우원식,위성곤,윤건영,윤준병,이수진,이용빈,이장섭,이해식,정태호,조오섭,허영,허종식,황운하"
2712,권인숙,"강득구,김정호,소병철,안호영,용혜인,유정주,윤미향,윤영덕,이규민,이수진"
2713,이종성,"김승수,김영식,김용판,박대수,박덕흠,박성중,윤한홍,이종배,정운천,정찬민"
2714,정운천,"김선교,박대수,성일종,윤영석,이달곤,이종성,이채익,최춘식,하영제"
2715,강은미,"류호정,민형배,배진교,심상정,용혜인,이규민,이용빈,이은주,장혜영,조오섭"
2716,윤창현,"김용판,서병수,양금희,윤한홍,이종배,이주환,지성호,추경호,하영제"
2717,박주민,"김남국,김승원,김종민,박성준,소병철,위성곤,윤건영,이형석,정필모,최기상,홍정민"
2718,윤창현,"권성동,김용판,양금희,윤한홍,이종배,정찬민,지성호,추경호,한무경"
2719,강은미,"류호정,민병덕,배진교,심상정,용혜인,이용빈,이은주,장혜영,조오섭"
2720,강은미,"류호정,민형배,배진교,심상정,용혜인,이용빈,이은주,장혜영,조오섭"
2721,강은미,"류호정,민병덕,배진교,심상정,용혜인,이용빈,이은주,장혜영,조오섭"
2722,강은미,"류호정,민형배,배진교,심상정,오영환,용혜인,이은주,장혜영,조오섭"
2723,강은미,"류호정,민병덕,배진교,심상정,용혜인,이용빈,이은주,장혜영,조오섭"
2724,이은주,"강은미,김홍걸,류호정,박홍근,배진교,심상정,용혜인,이수진,장혜영,최혜영"
2725,이은주,"강은미,김홍걸,류호정,박홍근,배진교,심상정,용혜인,이수진,이영,장혜영,최혜영"
2726,김상훈,"권성동,김승수,김예지,김희국,박대출,서정숙,이명수,지성호,추경호"
2727,박덕흠,"김승수,김용판,김태흠,백종헌,서범수,송언석,이종성,조명희,홍문표"
2728,윤재갑,"김수흥,김승남,문진석,설훈,위성곤,이개호,이병훈,조경태,홍문표"
2729,민형배,"김경만,김병욱,김성환,김철민,박상혁,변재일,신정훈,이수진,장경태,홍정민,황운하"
2730,이수진,"강민정,강병원,강준현,고영인,권인숙,김경협,김남국,김상희,김성주,김성환,김수흥,김승남,김영배,김주영,남인순,노웅래,민병덕,민형배,박영순,박정,박홍근,서영교,송옥주,심상정,안호영,양이원영,어기구,오기형,오영환,유동수,유정주,윤건영,윤미향,윤영덕,윤준병,이규민,이동주,이성만,이수진,이용우,이탄희,이학영,임종성,장경태,정태호,조오섭,진성준,최강욱,최인호,한준호,허영,홍익표,황운하"
2731,민형배,"김경만,김성환,김정호,김철민,김홍걸,박상혁,신정훈,이수진,장경태,황운하"
2732,민형배,"김경만,김병욱,김성환,김철민,박상혁,이수진,장경태,홍정민,황운하"
2733,안병길,"구자근,권성동,김선교,김태호,박대수,서병수,서일준,유의동,이종성,정찬민,최춘식"
2734,강은미,"류호정,민형배,배진교,심상정,윤영덕,이규민,이용빈,이은주,장혜영,조오섭"
2735,안병길,"구자근,권성동,김선교,김태호,박대수,배준영,서병수,서일준,성일종,송언석,유의동,이종성,정찬민,조경태,최춘식"
2736,임오경,"고용진,김정호,김진표,박상혁,박성준,오영환,유정주,윤준병,이규민,이병훈,이상헌,임호선,장철민,정일영,조오섭,최종윤"
2737,임오경,"김민철,김승원,서영교,소병철,송재호,오영환,이규민,조오섭,최혜영"
2738,정찬민,"곽상도,배준영,서정숙,안병길,이종성,이주환,임이자,지성호,태영호"
2739,민홍철,"기동민,김병기,김병주,김진표,안규백,이상헌,이학영,임호선,전용기"
2740,이수진,"권인숙,김경협,김승원,김영배,김주영,노웅래,민형배,박대수,송옥주,심상정,안호영,어기구,위성곤,임종성"
2741,조응천,"김민기,김철민,문진석,서삼석,송기헌,우원식,위성곤,이상헌,한준호"
2742,김철민,"강선우,권인숙,김수흥,김영배,도종환,민형배,박정,서동용,안민석,오영환,이정문"
2743,이용호,"민병덕,박상혁,박영순,윤미향,윤준병,이상헌,이용빈,정성호,최인호"
2744,김민기,"강준현,김상희,민병덕,이형석,임종성,임호선,최종윤,최혜영,허종식,홍익표"
2745,이종성,"김승수,김영식,김용판,박대수,박덕흠,박성중,서정숙,윤한홍,정경희,정운천,정찬민"
2746,추경호,"김상훈,김선교,김예지,김용판,백종헌,성일종,엄태영,윤창현,이종배,이주환,조명희"
2747,김원이,"기동민,김경협,박상혁,박홍근,신정훈,우원식,위성곤,이해식,임종성,최혜영"
2748,김원이,"기동민,김경협,박상혁,박홍근,우원식,위성곤,이해식,임종성,최혜영"
2749,조응천,"김민기,김정호,문정복,문진석,오영환,우원식,위성곤,이상헌,한준호"
2750,임호선,"기동민,김성주,박광온,백혜련,신영대,오영환,이장섭,이학영,전용기"
2751,구자근,"강기윤,김병욱,김석기,김선교,김영식,김예지,김용판,김정재,송언석,정동만"
2752,추경호,"김상훈,김선교,김예지,김용판,백종헌,성일종,엄태영,윤창현,이종배,이주환,조명희"
2753,추경호,"구자근,김도읍,김예지,김용판,성일종,엄태영,윤창현,이종배,임이자,조명희,태영호"
2754,조응천,"김영진,김정호,오영환,우원식,유기홍,이상헌,조승래,조오섭,최기상,홍기원"
2755,추경호,"구자근,김도읍,김예지,김용판,성일종,엄태영,윤창현,이종배,임이자,조명희,태영호"
2756,임호선,"기동민,김민철,노웅래,박광온,송옥주,신영대,오영환,이장섭,이학영,전용기"
2757,임호선,"강준현,고영인,김민석,김성주,노웅래,박광온,백혜련,신영대,오영환,이수진,임오경"
2758,조응천,"김민기,김정호,문정복,문진석,오영환,우원식,위성곤,이상헌,한준호"
2759,김용판,"구자근,김예지,박덕흠,서일준,이종성,정희용,조명희,추경호,하영제"
2760,추경호,"김용판,성일종,유경준,유의동,윤창현,이종배,전주혜,정진석,조명희,한무경"
2761,김상희,"김정호,류호정,서영교,용혜인,이해식,이형석,인재근,정춘숙,최혜영"
2762,오영환,"강준현,기동민,김병기,김승남,김주영,문정복,박정,윤재갑,윤준병,이개호,이병훈,이수진,임오경,전용기"
2763,민형배,"강은미,김경만,김성환,김홍걸,박상혁,변재일,이수진,이수진,홍정민"
2764,민형배,"강은미,김병욱,김성환,김정호,박상혁,변재일,송갑석,이규민,이수진,임종성"
2765,강병원,"기동민,김민석,김성주,김정호,서영석,오영환,이수진,이수진,전혜숙"
2766,추경호,"구자근,김도읍,김예지,김용판,성일종,엄태영,윤창현,이종배,임이자,조명희,태영호"
2767,추경호,"구자근,김도읍,김예지,김용판,성일종,엄태영,윤창현,이종배,임이자,조명희,태영호"
2768,정태호,"강득구,김영배,이광재,이수진,장철민,한병도,허영,홍기원,홍익표"
2769,추경호,"구자근,김도읍,김예지,김용판,성일종,엄태영,윤창현,이종배,임이자,조명희,태영호"
2770,정일영,"김교흥,김주영,민형배,박찬대,배준영,송석준,이상헌,조정식,허종식"
2771,변재일,"강준현,박홍근,서영석,이용빈,이장섭,이학영,임호선,조정훈,한준호"
2772,김진표,"강선우,고용진,김병기,김정호,민홍철,박광온,박성준,안규백,윤준병,이상헌,최종윤"
2773,김진표,"강선우,고용진,김병기,김정호,민홍철,박광온,박성준,신정훈,안규백,윤준병,이상헌,최종윤"
2774,윤관석,"고용진,권칠승,김교흥,김수흥,김홍걸,이수진,이용선,임호선,정성호"
2775,이병훈,"강병원,고용진,김홍걸,박성준,신영대,오영환,유정주,윤재갑,이상헌"
2776,오영훈,"김정호,문진석,박상혁,송재호,양정숙,오영환,위성곤,조오섭,진성준"
2777,고민정,"기동민,김원이,김정호,오영환,용혜인,위성곤,이규민,조오섭,최혜영"
2778,임오경,"김정호,김태년,도종환,박성준,변재일,오영환,유정주,윤준병,이병훈,이상헌,임호선,장철민,조오섭,최종윤,한준호"
2779,이수진,"강병원,김승원,김영배,김영주,민형배,송갑석,신정훈,윤건영,윤영덕,이형석,임오경,임호선,허영,홍정민,황운하"
2780,고민정,"강준현,고영인,김민석,김승남,김승수,김영주,김정호,도종환,류호정,민병덕,박주민,신현영,안규백,오영환,우원식,윤미향,윤준병,이규민,이성만,이형석,장경태,정일영,조오섭,진선미,천준호,최강욱,최혜영,허영,허종식,홍영표,홍익표"
2781,고민정,"강준현,고영인,김민석,김승남,김영배,김영주,김의겸,김정호,도종환,류호정,민병덕,오영환,우원식,윤준병,이규민,장경태,조오섭,진선미,천준호,최강욱,허영,허종식,홍기원,홍영표"
2782,허종식,"김교흥,김민기,김민석,김성주,김성환,김정호,김진표,박찬대,배진교,어기구,유동수,윤준병,이동주,이성만,이용선,정일영,정춘숙,최종윤,홍영표"
2783,고용진,"강훈식,김경만,김민철,김수흥,양향자,윤관석,윤준병,임오경,한준호"
2784,정운천,"권은희,김용판,김태호,백종헌,서일준,엄태영,전재수,추경호,홍문표"
2785,박수영,"김선교,김영식,김형동,김희곤,박형수,백종헌,서일준,유경준,윤주경,이종성,정운천,조명희,최형두,하영제"
2786,이주환,"김태흠,박대수,박덕흠,백종헌,윤창현,이명수,이헌승,지성호,태영호,홍문표"
2787,강기윤,"김선교,김은혜,김태호,김희국,박대수,배현진,서병수,엄태영,이종성,장제원"
2788,강기윤,"구자근,김상훈,김선교,김은혜,김희국,박대수,백종헌,서병수,엄태영,이종성"
2789,김미애,"김병욱,김상훈,김형동,박덕흠,백종헌,성일종,윤주경,이양수,이종배,최승재"
2790,박덕흠,"김성원,류성걸,신원식,엄태영,윤두현,이만희,이명수,이종배,장제원"
2791,박주민,"강민정,김용민,김종민,류호정,박성준,양정숙,오기형,유정주,최혜영"
2792,김교흥,"맹성규,박찬대,배준영,배진교,서영교,신동근,유동수,윤관석,윤상현,이동주,이성만,정일영,허종식,홍영표"
2793,유정주,"강선우,권인숙,김홍걸,도종환,서영교,신정훈,이병훈,이상헌,이수진,임오경,장경태,장철민,최혜영,허영,홍정민"
2794,이주환,"김태흠,박대수,박덕흠,백종헌,윤창현,이명수,이헌승,지성호,태영호"
2795,윤준병,"강선우,김민철,김성주,김수흥,안호영,양정숙,오영환,위성곤,이원택"
2796,안규백,"김영배,김정호,류호정,문정복,민홍철,윤재갑,이상민,정일영,홍영표"
2797,박대출,"권영세,김상훈,김성원,김영식,박성민,박성중,이만희,이명수,한무경"
2798,박대출,"권영세,김상훈,김성원,김영식,박성민,박성중,이만희,이명수,한무경"
2799,박대출,"권영세,김상훈,김성원,김영식,박성민,박성중,이만희,이명수,한무경"
2800,최승재,"강대식,곽상도,구자근,권명호,김성원,김형동,박대출,박수영,송언석,엄태영,윤두현,이명수,이용,이종성,이주환,정희용,조명희,지성호,하영제"
2801,김예지,"권명호,김선교,김성원,김승수,김용판,이영,이종배,지성호,최승재"
2802,김병기,"강준현,기동민,김진표,민홍철,안민석,오영환,이개호,이상헌,이정문"
2803,김은혜,"강대식,구자근,김태흠,류성걸,서범수,송언석,양금희,엄태영,이종배,이태규,정찬민,조경태"
2804,김선교,"강기윤,구자근,권명호,김성원,김예지,김형동,성일종,최형두,추경호"
2805,곽상도,"구자근,김병욱,김태호,송언석,이채익,임이자,추경호,태영호,한기호"
2806,류호정,"강은미,배진교,심상정,양정숙,용혜인,위성곤,이용빈,이은주,장혜영"
2807,조응천,"강준현,김성주,김철민,서삼석,오영환,유기홍,조오섭,한병도,한준호"
2808,황운하,"김성주,김정호,송옥주,양정숙,오영환,이상민,이정문,장철민,홍정민"
2809,최승재,"강대식,곽상도,구자근,권명호,김성원,김형동,박대출,박수영,송언석,엄태영,윤두현,이명수,이용,이종성,이주환,정희용,조명희,지성호,하영제"
2810,김수흥,"강선우,고용진,김교흥,김주영,김진표,송옥주,양기대,양정숙,윤준병,정일영"
2811,고영인,"강준현,김민철,김성주,서영석,위성곤,유정주,윤재갑,이용빈,이용선,이해식,정춘숙,최종윤,최혜영,허종식"
2812,윤건영,"김승원,김영배,김의겸,김태년,문정복,박홍근,신영대,신정훈,오영환,윤재갑,이성만,이용선,전재수"
2813,윤건영,"김승원,김영배,김태년,박홍근,신영대,신정훈,오기형,오영환,이성만,이용선,전재수"
2814,김상희,"강준현,김정호,류호정,백혜련,윤건영,윤관석,이상헌,이성만,이해식,이형석,인재근,정춘숙"
2815,김예지,"구자근,권명호,김선교,김용판,오영환,이종성,지성호,추경호,홍석준"
2816,위성곤,"류호정,서삼석,양정숙,윤영덕,윤재갑,윤준병,이개호,이해식,조응천,진성준,최인호"
2817,김성주,"강병원,김민기,김민철,박상혁,안호영,양정숙,윤준병,이용빈,이학영,임호선,전용기,정춘숙,조승래,조오섭,최혜영,허종식,홍성국,황운하"
2818,김수흥,"강선우,고용진,김교흥,김영진,김주영,김진표,송옥주,양기대,양정숙,윤준병,정일영"
2819,김희곤,"강기윤,류성걸,박대수,서병수,임이자,전봉민,최춘식,태영호,황보승희"
2820,김성원,"김도읍,김승수,김용판,김정재,박대수,박덕흠,서일준,이채익,정운천,최춘식,최형두"
2821,이종성,"강기윤,김예지,김형동,박대수,백종헌,서정숙,정운천,정찬민,조명희"
2822,강은미,"강민정,류호정,민형배,배진교,심상정,용혜인,이수진,이은주,장혜영,조오섭"
2823,송재호,"강선우,김정호,남인순,박성준,서영석,오영훈,이해식,조오섭,최종윤"
2824,윤주경,"김병욱,박수영,서범수,유의동,윤창현,이채익,태영호,한기호,한무경,홍문표"
2825,윤주경,"김병욱,박수영,서범수,유의동,윤창현,이채익,태영호,한기호,한무경,홍문표"
2826,민형배,"김민철,문진석,박상혁,송재호,신정훈,이정문,장경태,홍정민,황운하"
2827,이수진,"강민정,권인숙,김승원,노웅래,민형배,송옥주,심상정,안호영,용혜인,윤미향,임종성"
2828,김예지,"구자근,김선교,김용판,김희국,유의동,이종성,지성호,추경호,홍석준"
2829,김승원,"김민철,김승남,김영진,김의겸,민형배,박정,안민석,유정주,이규민,이성만,임오경,한병도"
2830,김홍걸,"고용진,김경만,김영호,문진석,박상혁,신정훈,양기대,양정숙,오영환,이병훈"
2831,최혜영,"강준현,김원이,류호정,서영석,오영환,이수진,이은주,인재근,홍성국"
2832,정청래,"김영배,김영호,박성준,배준영,송갑석,어기구,오영환,이상민,이수진"
2833,안민석,"강준현,김민철,김한정,류호정,서동용,서영교,유정주,이상민,이형석"
2834,임오경,"김영배,박정,양정숙,유정주,이병훈,이상헌,이수진,임호선,전용기,정일영,최종윤"
2835,김예지,"강대식,권명호,김병욱,김상훈,김선교,김성원,김승수,김희곤,박대출,백종헌,서범수,서정숙,양금희,유상범,윤두현,이만희,이영,전주혜,정경희,조명희,최춘식,추경호,태영호,하영제"
2836,위성곤,"김성환,김승남,김정호,신정훈,어기구,윤재갑,윤준병,이개호,이동주,이원택,최인호"
2837,강병원,"김경만,김승원,김영주,도종환,민형배,윤영찬,윤재갑,이병훈,이수진,이용우,임호선,조정훈,홍기원,홍익표"
2838,윤주경,"김병욱,박수영,서범수,유의동,윤창현,이채익,태영호,한기호,한무경,홍문표"
2839,위성곤,"김성환,김승남,김영진,김정호,서삼석,신정훈,어기구,윤재갑,윤준병,이개호,이동주,이용빈,이원택,이은주,최인호,허영"
2840,류호정,"배진교,심상정,양정숙,용혜인,유정주,이상헌,이은주,장혜영,최승재,최혜영"
2841,류호정,"배진교,심상정,양정숙,용혜인,유정주,이상헌,이은주,이탄희,장혜영,최승재,최혜영"
2842,서정숙,"강민국,구자근,권명호,권성동,김미애,김선교,김승수,김예지,김형동,박대수,박형수,백종헌,유상범,윤주경,이영,이종성,정경희,정운천,정찬민,조명희,조수진,조태용,하영제"
2843,정청래,"권인숙,김영배,박성준,송갑석,송재호,오영환,오영훈,이병훈,임오경"
2844,정청래,"강득구,권인숙,김영배,김주영,박성준,송갑석,송재호,오영환,이수진,임오경"
2845,이소영,"강훈식,김병욱,김성환,민병덕,박상혁,서영교,신정훈,양경숙,정필모,황운하"
2846,김선교,"구자근,권명호,권성동,김예지,김형동,박대수,성일종,안병길,추경호"
2847,김용판,"구자근,권명호,김영식,박대수,박덕흠,송언석,이주환,정희용,추경호,하영제"
2848,양금희,"김도읍,김예지,서병수,성일종,송언석,윤두현,이만희,이명수,한무경"
2849,최혜영,"김원이,류호정,서영석,오영환,유정주,이성만,이은주,인재근,최종윤,홍성국"
2850,백혜련,"강준현,김승원,김영호,김정호,오영환,용혜인,윤관석,이성만,이해식"
2851,김예지,"구자근,김선교,김용판,김희국,송석준,유의동,이종성,지성호,추경호"
2852,최혜영,"강준현,김민기,김영호,류호정,서영교,서영석,오영환,유정주,이수진,이은주,인재근,최종윤"
2853,홍정민,"기동민,신정훈,오영환,유정주,윤재갑,이용빈,이원욱,전용기,황운하"
2854,홍익표,"김민기,민형배,변재일,서동용,이규민,이장섭,이형석,임호선,정태호,한준호,홍성국"
2855,홍익표,"권칠승,민형배,서동용,윤영찬,이장섭,이형석,임호선,정태호,한준호,홍성국"
2856,김원이,"기동민,김성주,신정훈,우원식,위성곤,조오섭,진성준,최혜영,홍성국"
2857,김민기,"고용진,기동민,김병주,김정호,윤건영,이학영,이형석,최종윤,홍익표"
2858,김원이,"기동민,김민철,김성주,신정훈,우원식,위성곤,이동주,조오섭,진성준,최혜영,홍성국"
2859,허영,"김윤덕,김정호,신영대,오영환,위성곤,유정주,이원욱,전재수,홍기원"
2860,홍기원,"김경협,김영배,김영주,김회재,박상혁,박정,오기형,우원식,윤미향,윤영덕,윤재갑,이수진,이수진,이형석,조오섭,조응천,천준호,허영,황운하"
2861,안호영,"노웅래,박상혁,송옥주,양정숙,윤미향,윤준병,이수진,임종성,장철민"
2862,홍기원,"김경협,김영배,김영주,김회재,박상혁,박정,오기형,우원식,윤미향,윤영덕,윤재갑,이수진,이수진,이형석,조오섭,조응천,천준호,허영,황운하"
2863,박수영,"김병욱,김형동,김희곤,백종헌,서범수,서일준,유경준,이양수,전주혜,조명희,최승재,태영호,허은아,홍석준"
2864,안호영,"김민철,노웅래,박상혁,송옥주,양정숙,윤미향,윤준병,이수진,임종성,장철민"
2865,곽상도,"권영세,김도읍,김성원,김정재,김희곤,박대수,송석준,이종성,정찬민"
2866,임호선,"강준현,권칠승,김민기,노웅래,백혜련,송옥주,오영환,이규민,이장섭,이학영"
2867,권인숙,"강득구,서동용,안호영,유동수,유정주,이성만,이수진,장경태,정춘숙,조승래,홍정민"
2868,윤미향,"강득구,강은미,고민정,김경협,김주영,류호정,민병덕,박성준,박홍근,송갑석,송옥주,안호영,용혜인,윤영덕,이규민,이수진,이용빈,이탄희,장혜영,진성준,최강욱,최종윤"
2869,서동용,"고영인,김정호,김철민,안민석,양정숙,유정주,이동주,이용빈,인재근,최종윤,홍성국,홍정민"
2870,김주영,"고용진,김영주,김정호,오영환,윤건영,윤영덕,정일영,정춘숙,홍정민"
2871,권인숙,"강득구,김민철,서동용,안호영,양이원영,유정주,이성만,이수진,장경태,정춘숙,조승래,홍정민"
2872,이소영,"김교흥,김민기,김성환,박영순,신영대,신정훈,위성곤,이동주,조응천"
2873,곽상도,"구자근,김병욱,김태호,박대출,송언석,이채익,조경태,추경호,한기호"
2874,김성주,"강병원,고용진,기동민,김경협,김민기,박상혁,서영석,윤준병,이학영,정춘숙,최혜영,허종식,홍성국,홍정민,황운하"
2875,권인숙,"강득구,김민철,서동용,안호영,양이원영,유정주,이성만,이수진,장경태,조승래,홍정민"
2876,박주민,"김남국,김승원,김영배,민형배,박성준,서영교,송옥주,윤준병,조오섭,최혜영"
2877,이소영,"김교흥,김민기,김성환,박영순,신영대,신정훈,위성곤,이동주,조응천"
2878,이원욱,"강득구,고영인,고용진,김민철,김영주,김영진,김주영,송재호,양경숙,윤영찬,이용빈,홍익표,홍정민"
2879,박주민,"기동민,김승원,김영배,민형배,서영교,송옥주,윤준병,조오섭,최혜영,한준호"
2880,위성곤,"김성환,김정호,신정훈,어기구,윤재갑,윤준병,이개호,이동주,이원택,이은주,최인호"
2881,김성주,"강병원,고용진,기동민,김경협,김민기,박상혁,서영석,윤준병,이학영,정춘숙,최혜영,허종식,홍성국,홍정민,황운하"
2882,김성주,"강병원,고용진,기동민,김경협,김민기,박상혁,서영석,윤준병,이학영,정춘숙,최혜영,허종식,홍성국,홍정민,황운하"
2883,위성곤,"김성환,김정호,어기구,윤재갑,윤주경,윤준병,이개호,이동주,이원택,이은주,최인호"
2884,성일종,"김기현,김정재,신원식,양금희,유상범,이채익,임이자,전주혜,추경호"
2885,이원택,"백혜련,신정훈,양경숙,이규민,장경태,최인호,최종윤,한병도,홍정민"
2886,조오섭,"강은미,김원이,문진석,송갑석,우원식,윤재갑,이형석,인재근,조응천,주철현,진성준,홍기원"
2887,김상희,"김정호,박성준,백혜련,서영교,윤관석,윤미향,이상헌,이해식,이형석,인재근,정춘숙"
2888,김정호,"김병욱,김성환,김윤덕,서동용,어기구,윤후덕,임종성,정성호,정춘숙,허종식"
2889,지성호,"김상훈,김승수,김예지,김은혜,박대수,성일종,이종성,이주환,정찬민"
2890,조오섭,"김승남,문진석,송갑석,양향자,윤영덕,이병훈,조응천,주철현,진선미"
2891,태영호,"강대식,김병욱,김상훈,김영식,서병수,양금희,윤주경,허은아,홍문표"
2892,임이자,"구자근,김성원,박대수,성일종,송언석,이헌승,정찬민,추경호,허은아"
2893,김정호,"김병욱,김윤덕,박상혁,서동용,어기구,윤후덕,임종성,정성호,정춘숙,허종식"
2894,김정호,"김병욱,김성환,김윤덕,서동용,윤후덕,임종성,정성호,정춘숙,허종식"
2895,김병욱,"고용진,김예지,김종민,민병덕,박성준,서동용,송재호,양향자,이상헌,이성만,이원욱,정성호"
2896,노웅래,"서영석,소병훈,송옥주,신정훈,유기홍,이병훈,이수진,임호선,장경태,장철민,전용기,한준호"
2897,홍문표,"김태호,박덕흠,성일종,유의동,윤재갑,윤주경,이종배,이채익,정진석,조명희,태영호"
2898,김병욱,"고용진,김예지,김종민,민병덕,박성준,서동용,송재호,양향자,이상헌,이성만,이원욱,정성호"
2899,박영순,"강득구,김교흥,김민철,김정호,박성준,백혜련,서영교,윤건영,윤상현,장철민,홍정민,황운하"
2900,김병욱,"고용진,김예지,김종민,민병덕,박성준,서동용,송재호,양향자,이상헌,이성만,이원욱,정성호"
2901,김한정,"강병원,박성준,백혜련,소병훈,윤관석,이성만,이수진,인재근,정성호"
2902,김병욱,"고용진,김예지,김종민,민병덕,박성준,서동용,송재호,양향자,이상헌,이성만,이원욱,정성호"
2903,노웅래,"서영석,송옥주,신정훈,유기홍,이병훈,이수진,임호선,장경태,장철민,전용기,한준호"
2904,진성준,"강병원,김교흥,김두관,김원이,민병덕,박상혁,소병철,우원식,위성곤,윤준병,이학영,이해식,장경태,전혜숙"
2905,윤준병,"강득구,김수흥,박성준,송옥주,위성곤,이수진,이용빈,임종성,전재수,정일영"
2906,정점식,"김도읍,김상훈,김용판,김태호,김태흠,박덕흠,서일준,이영,이종성"
2907,정태호,"강득구,김교흥,박정,송옥주,윤건영,이성만,이수진,조승래,홍성국,홍익표"
2908,유의동,"김병욱,김성원,김예지,박대수,배현진,윤주경,이주환,조명희,추경호,홍문표,황보승희"
2909,소병철,"권인숙,김승남,김영주,백혜련,양정숙,오영환,용혜인,위성곤,이병훈"
2910,정태호,"강득구,강훈식,김교흥,박상혁,박정,송옥주,이성만,이수진,홍성국,홍익표"
2911,유의동,"김병욱,김성원,김예지,박대수,배현진,윤주경,이주환,조명희,추경호,홍문표,황보승희"
2912,김윤덕,"강준현,강훈식,김정호,문진석,박상혁,신영대,윤재갑,이학영,조정식"
2913,이수진,"강민정,강준현,고영인,권인숙,김민철,김승남,김영배,김정호,김주영,민병덕,민형배,박정,서동용,소병철,송옥주,심상정,안호영,양이원영,어기구,오영환,위성곤,유정주,윤건영,윤미향,윤영덕,윤준병,이규민,이수진,이용빈,이용선,이탄희,임오경,임종성,임호선,정청래,주철현,최혜영,허영"
2914,허영,"강준현,김정호,신영대,오영환,위성곤,유정주,윤건영,전재수,홍성국"
2915,이용선,"김교흥,김승원,서영석,윤준병,이용빈,임호선,조정훈,허종식,홍성국"
2916,권인숙,"강민정,김상희,김의겸,박주민,송갑석,양이원영,용혜인,유정주,윤미향,윤영덕,이동주,이수진,이수진,전용기,최혜영,홍익표"
2917,정청래,"강득구,김영배,김주영,송갑석,양이원영,오영환,이병훈,이수진,임오경"
2918,윤준병,"김병기,김수흥,박성준,송옥주,위성곤,이수진,이용빈,임종성,전재수,정일영"
2919,문진석,"도종환,민형배,서영석,송갑석,안민석,윤영덕,윤준병,이용빈,이정문,조오섭"
2920,문진석,"도종환,민형배,서영석,송갑석,안민석,윤영덕,윤준병,이용빈,이정문,조오섭"
2921,김철민,"강선우,권인숙,김수흥,김영배,도종환,민형배,박정,서동용,안민석,오영환,이규민,이정문"
2922,문진석,"도종환,민형배,서영석,송갑석,안민석,윤영덕,윤준병,이용빈,이정문,조오섭"
2923,조정훈,"강민정,강훈식,박덕흠,박정,송기헌,송재호,윤영덕,이용선,임오경,한준호"
2924,이태규,"권은희,김은혜,백종헌,성일종,이명수,정진석,조명희,지성호,최연숙"
2925,김종민,"김남국,김민철,김정호,송기헌,양정숙,오영환,이병훈,이수진,이종배,장철민"
2926,김주영,"고용진,김수흥,김영주,김정호,김진표,오영환,윤영덕,정일영,정춘숙,홍정민"
2927,정청래,"김남국,김영배,김주영,송갑석,양이원영,오영환,유정주,윤재갑,이병훈,임오경"
2928,정청래,"김영배,김정호,박성준,송갑석,양이원영,오영환,오영훈,위성곤,윤건영"
2929,정청래,"강득구,김영배,김주영,송갑석,양이원영,오영환,유정주,윤재갑,임오경"
2930,정청래,"강민정,김남국,송갑석,오영환,오영훈,윤영덕,이수진,임오경,장경태"
2931,정청래,"강득구,김영배,김주영,송갑석,양이원영,오영환,유정주,윤재갑,임오경"
2932,정일영,"김수흥,소병철,안규백,윤준병,이동주,장철민,주철현,허종식,홍성국"
2933,임호선,"강준현,권칠승,김민기,백혜련,송옥주,오영환,이장섭,이학영,이형석"
2934,김성환,"강득구,강훈식,김남국,김성주,김정호,민형배,신영대,신정훈,안호영,양이원영,위성곤,윤건영,윤준병,이소영,이용빈,이원택,이해식"
2935,김성환,"강득구,강훈식,김남국,김성주,김원이,김정호,민형배,신영대,신정훈,안호영,양이원영,위성곤,윤건영,윤준병,이소영,이용빈,이원택,이해식"
2936,윤영덕,"강득구,강민정,강병원,강은미,강준현,강훈식,고민정,고영인,고용진,권인숙,기동민,김경만,김교흥,김남국,김민기,김민석,김민철,김수흥,김승남,김승원,김영배,김영주,김영진,김영호,김용민,김원이,김윤덕,김의겸,김정호,김주영,김진표,김철민,김회재,노웅래,도종환,류호정,문진석,민병덕,민형배,민홍철,박상혁,박성준,박영순,박용진,박정,박주민,박찬대,박홍근,배진교,백혜련,변재일,서동용,서삼석,서영교,서영석,설훈,소병철,소병훈,송갑석,신영대,신정훈,신현영,심상정,안규백,안호영,양경숙,양이원영,양정숙,양향자,어기구,오기형,오영환,용혜인,위성곤,유기홍,유정주,윤건영,윤미향,윤영찬,윤재갑,윤준병,윤후덕,이규민,이동주,이명수,이병훈,이성만,이수진,이수진,이용빈,이용선,이용우,이정문,이탄희,이해식,이형석,인재근,임오경,임종성,장경태,전용기,정성호,정청래,정춘숙,정태호,조오섭,조정훈,주철현,진선미,진성준,최기상,최종윤,한준호,허영,홍익표,홍정민,황운하"
2937,윤미향,"민형배,박정,송옥주,신동근,유정주,이규민,이성만,이수진,임종성"
2938,이수진,"강득구,권인숙,김상희,민형배,배진교,심상정,오영환,윤건영,윤영덕,이규민,이용선,진성준"
2939,윤미향,"김경협,민형배,송옥주,신동근,유정주,이규민,이성만,이수진,임종성"
2940,김경협,"김두관,김성주,남인순,윤미향,이수진,이용선,장경태,장철민,최종윤,홍기원,홍영표"
2941,서영교,"김교흥,김영배,김영호,김정호,민병덕,오영환,이동주,이해식,장철민,한병도"
2942,윤미향,"김정호,민형배,박정,송옥주,유정주,이규민,이성만,이수진,임종성"
2943,김경협,"김두관,김성주,남인순,윤미향,이수진,이용선,장경태,장철민,최종윤,홍기원,홍영표"
2944,김경협,"김두관,김성주,남인순,윤미향,이수진,이용선,장경태,장철민,홍영표"
2945,김경협,"기동민,김두관,김성주,윤건영,이수진,이용빈,이용선,장경태,장철민,홍영표"
2946,강득구,"권인숙,김성환,배진교,양정숙,윤미향,윤준병,이규민,이수진,이용선,진성준,홍성국"
2947,하영제,"김승수,김예지,김용판,박성민,박수영,서병수,서일준,송석준,윤창현"
2948,서영교,"김교흥,김영배,김영호,김정호,민병덕,오영환,이동주,이해식,장철민,한병도"
2949,소병철,"김승남,김정호,김종민,박성준,백혜련,안호영,양정숙,이학영,장철민"
2950,최혜영,"강준현,고영인,김민기,김성주,김승원,김영배,김의겸,백혜련,오영환,오영훈,유정주,윤영찬,윤준병,이성만,이형석,정청래,조오섭,홍영표"
2951,김상희,"강훈식,남인순,민병덕,소병철,안규백,윤영찬,이용빈,정춘숙,조오섭"
2952,서영교,"김교흥,김영배,김영호,김정호,민병덕,오영환,이동주,이해식,장철민,한병도"
2953,송갑석,"김경협,문진석,신정훈,윤영덕,이개호,이동주,이형석,전용기,조오섭,주철현"
2954,정춘숙,"김영진,김윤덕,김정호,민형배,박정,윤후덕,이용빈,임종성,허종식"
2955,양정숙,"강민정,고용진,김교흥,김성주,김수흥,김홍걸,서영교,신영대,안호영,위성곤,윤재갑,이상헌,조오섭,황운하"
2956,송언석,"권명호,김병욱,김영식,김정재,박덕흠,양금희,임이자,정희용,최형두"
2957,송언석,"권명호,김병욱,김영식,김정재,박덕흠,양금희,임이자,정희용,최형두"
2958,서범수,"구자근,권성동,김희곤,용혜인,윤주경,이종성,이채익,전봉민,최형두,황보승희"
2959,서범수,"구자근,권성동,김희곤,박덕흠,윤주경,이종성,전봉민,최형두,황보승희"
2960,송언석,"권명호,김병욱,김영식,김정재,박덕흠,양금희,임이자,정희용,최형두"
2961,송언석,"권명호,김병욱,김영식,김정재,박덕흠,양금희,임이자,정희용,최형두"
2962,강훈식,"김윤덕,김정호,박상혁,송갑석,유정주,이동주,이성만,이소영,장철민,한준호,홍정민"
2963,김영주,"김교흥,소병철,윤영덕,윤영찬,이용빈,이용우,이원욱,한준호,홍성국"
2964,강훈식,"김정호,박상혁,송갑석,유정주,이동주,이성만,이소영,장철민,홍정민"
2965,박대출,"권명호,김석기,김영식,김정재,백종헌,서일준,송석준,안병길,윤두현,이채익,이철규,정동만,정진석,홍석준"
2966,강병원,"강선우,김남국,김승원,김윤덕,김주영,신동근,위성곤,유동수,윤건영,윤관석,윤준병,전혜숙"
2967,이개호,"김병기,김승남,김형동,서삼석,송갑석,송석준,위성곤,유동수,윤재갑,윤준병,홍성국"
2968,정동만,"권명호,박대수,박성민,성일종,유의동,이주환,이헌승,전봉민,황보승희"
2969,황보승희,"권명호,김미애,백종헌,서범수,이종배,이채익,전봉민,정동만,최형두,태영호"
2970,황보승희,"권명호,김미애,백종헌,서범수,이종배,이채익,전봉민,정동만,최형두,태영호"
2971,이영,"권영세,김성원,김영식,김형동,신원식,윤상현,이주환,태영호,하영제"
2972,이종성,"김승수,백종헌,서범수,서일준,서정숙,이종배,정운천,지성호,최형두"
2973,유기홍,"강민정,박찬대,서동용,이수진,이탄희,이형석,임호선,조승래,천준호"
2974,이성만,"권인숙,김교흥,송옥주,송재호,신정훈,윤관석,이수진,이탄희,최종윤"
2975,이성만,"권인숙,김교흥,김성환,김정호,박성준,송옥주,송재호,신정훈,윤관석,이수진,이탄희,최종윤,홍성국"
2976,강준현,"강선우,김민기,김병기,김영주,송재호,이성만,정청래,조오섭,홍성국"
2977,홍문표,"박덕흠,서병수,서일준,성일종,윤재갑,이명수,이채익,정진석,태영호"
2978,김민기,"강득구,김영호,김주영,송재호,유정주,이탄희,이형석,임호선,최종윤"
2979,민형배,"김영진,김윤덕,문진석,박상혁,박홍근,우원식,윤후덕,이규민,이수진,이해식,임종성,정성호,조정식,한준호"
2980,민형배,"김영진,김윤덕,김정호,문진석,박상혁,박홍근,우원식,윤후덕,이규민,이수진,이해식,임종성,정성호,조정식,한준호"
2981,신영대,"김영진,박찬대,송재호,유정주,윤준병,이동주,이학영,이형석,천준호"
2982,김용판,"구자근,권명호,김성원,김예지,박대수,서일준,정희용,추경호,하영제"
2983,양정숙,"김수흥,안호영,위성곤,윤준병,이상헌,이용빈,이용호,조오섭,최종윤"
2984,양이원영,"김병욱,김정호,민형배,용혜인,우원식,윤준병,윤후덕,이규민,이수진,이학영,임종성,전재수,정청래"
2985,윤영찬,"변재일,양정숙,윤건영,이장섭,전혜숙,조승래,한병도,홍익표,홍정민"
2986,이형석,"김민기,노웅래,민형배,서영교,안규백,이병훈,이성만,이수진,이용빈,이해식,임호선,한준호,홍익표"
2987,송재호,"김민기,김승원,김영배,김한정,류호정,박성준,서영석,소병훈,이성만,조오섭,최종윤,홍성국"
2988,김미애,"김상훈,김용판,박덕흠,백종헌,성일종,윤두현,이만희,이종성,조명희,황보승희"
2989,김미애,"김상훈,김용판,박덕흠,백종헌,성일종,윤두현,이만희,이종성,조명희,황보승희"
2990,김미애,"김상훈,김용판,박덕흠,백종헌,성일종,윤두현,이만희,이종성,조명희,황보승희"
2991,김미애,"김상훈,김용판,박덕흠,백종헌,성일종,윤두현,이만희,이종성,조명희,황보승희"
2992,김미애,"김상훈,김용판,박덕흠,백종헌,성일종,윤두현,이만희,이종성,조명희,황보승희"
2993,이해식,"김영배,김원이,민형배,서영석,오영환,위성곤,이학영,정일영,한병도"
2994,정희용,"구자근,김영식,김예지,김용판,서병수,송언석,양금희,이채익,조명희,지성호,최춘식"
2995,박상혁,"강훈식,권칠승,김윤덕,김정호,김홍걸,민형배,박정,박찬대,서영석,안민석,안호영,정태호,천준호,최기상"
2996,정희용,"구자근,김영식,김용판,서병수,송언석,양금희,윤두현,이채익,조명희,지성호,최춘식"
2997,태영호,"권영세,김영식,김예지,송석준,양금희,이종배,이주환,정찬민,정희용,조경태,한기호,황보승희"
2998,박영순,"김주영,김한정,남인순,설훈,윤재갑,장철민,조승래,조오섭,황운하"
2999,위성곤,"김정호,서삼석,소병철,윤재갑,윤준병,이개호,이해식,임호선,조정훈"
3000,정춘숙,"고민정,김윤덕,김정호,김주영,박정,백혜련,송갑석,윤미향,윤후덕,이수진,이용빈,임종성"
3001,최혜영,"강민정,강준현,김민기,김한정,남인순,류호정,문정복,박주민,전용기"
3002,최혜영,"강민정,강준현,김민기,김한정,남인순,류호정,박주민,송재호,전용기"
3003,이해식,"김영배,김원이,김홍걸,서영석,오영환,위성곤,이학영,정일영,한병도"
3004,한준호,"강준현,김승원,서동용,오영환,윤관석,이용빈,이해식,조정훈,홍성국,홍정민"
3005,안민석,"김영호,김정호,도종환,류호정,문진석,박상혁,서동용,서영교,송갑석,송기헌,유정주,윤건영,윤재갑,이상헌,이해식,인재근,조오섭"
3006,송기헌,"김영배,김진표,민병덕,박성준,안민석,오영환,정일영,조정훈,허영"
3007,소병철,"김영주,김정호,송기헌,오영환,위성곤,윤재갑,임호선,장철민,정일영,진성준"
3008,김영배,"고용진,김경협,김민철,김성주,김수흥,김영진,김주영,김진표,박완주,박재호,백혜련,서영교,양경숙,양기대,오영환,오영훈,우원식,이해식,이형석,임호선,정일영,한병도,홍영표"
3009,박재호,"고용진,김경협,김민철,김성주,김수흥,김영배,김영진,김주영,김진표,박완주,백혜련,서영교,양경숙,양기대,오영환,오영훈,우원식,이해식,이형석,임호선,정일영,한병도,홍영표"
3010,양기대,"고용진,김경협,김민철,김성주,김수흥,김영배,김영진,김주영,김진표,박완주,박재호,백혜련,서영교,양경숙,오영환,오영훈,우원식,이해식,이형석,임호선,정일영,한병도,홍영표"
3011,김영진,"고용진,김경협,김민철,김성주,김수흥,김영배,김주영,김진표,박완주,박재호,백혜련,서영교,양경숙,양기대,오영환,오영훈,우원식,이해식,이형석,임호선,정일영,한병도,홍영표"
3012,장철민,"강훈식,김영호,서영교,안호영,오영환,윤준병,임오경,정일영,조정훈,황운하"
3013,이형석,"고용진,김경협,김민철,김성주,김수흥,김영배,김영진,김주영,김진표,박완주,박재호,백혜련,서영교,양경숙,양기대,오영환,오영훈,우원식,이해식,임호선,정일영,한병도,홍영표"
3014,윤준병,"김주영,안호영,양이원영,양정숙,오영환,이수진,임호선,장철민,최종윤"
3015,윤미향,"강선우,민형배,송옥주,신동근,안호영,이성만,이수진,임종성,전재수"
3016,오영훈,"김정호,김한정,류호정,박성준,송재호,양정숙,오영환,윤건영,이성만,조오섭,진선미"
3017,윤준병,"김주영,안호영,양이원영,양정숙,오영환,이수진,임호선,장철민,최종윤"
3018,장철민,"강훈식,김영호,백혜련,서영교,안호영,오영환,윤준병,임오경,조정훈,황운하"
3019,조명희,"김병욱,김예지,김용판,박대수,박덕흠,성일종,신원식,이영,추경호,한기호"
3020,윤준병,"강득구,강선우,김성주,안호영,양이원영,양정숙,오영환,이원택,최종윤"
3021,강민정,"강득구,강병원,김의겸,류호정,민병덕,양정숙,이수진,전재수,한병도"
3022,정점식,"김상훈,김용판,김태호,김태흠,박대출,박덕흠,서일준,이영,이용,조수진"
3023,서영교,"강은미,김두관,김영배,문진석,양기대,오영환,임오경,장철민,한병도"
3024,임오경,"고용진,김민철,박정,서영교,오영환,유정주,윤준병,이규민,이병훈,조오섭,한준호"
3025,황운하,"김정호,문진석,오영환,이규민,이상민,이성만,이용빈,장철민,홍정민"
3026,도종환,"김승원,김의겸,김철민,문진석,안민석,유정주,이규민,이상헌,임오경"
3027,서영석,"김홍걸,문진석,민병덕,박상혁,이용빈,이정문,이해식,최종윤,최혜영"
3028,서영석,"김성주,문진석,이용빈,이용선,이정문,인재근,정태호,최종윤,허종식"
3029,이동주,"강훈식,김경만,김정호,송갑석,신영대,신정훈,양이원영,위성곤,이성만,이학영"
3030,강민정,"강득구,김승남,남인순,류호정,민병덕,송재호,양정숙,용혜인,이수진,전재수,한병도"
3031,양정숙,"고용진,김수흥,김홍걸,서영교,심상정,안호영,위성곤,윤준병,이상헌,조오섭,황운하"
3032,강민정,"김의겸,남인순,류호정,문정복,민병덕,용혜인,윤재갑,이규민,최혜영"
3033,강민정,"강득구,남인순,민병덕,송재호,양정숙,용혜인,이수진,전재수,한병도"
3034,서영석,"김원이,노웅래,문진석,민병덕,박상혁,양정숙,유기홍,이정문,이해식,인재근,임종성,최종윤"
3035,양정숙,"김홍걸,남인순,서영교,안호영,오영훈,이규민,이상헌,이용빈,황운하"
3036,이해식,"고용진,김경협,김민기,김상희,김성주,김성환,김승수,김영배,김영주,김주영,김회재,도종환,문진석,박상혁,박주민,백혜련,서영교,서영석,송갑석,송기헌,신현영,안규백,양경숙,오영환,위성곤,윤관석,윤준병,이탄희,이학영,인재근,임종성,전용기,전재수,정일영,정태호,천준호,최형두,최혜영,하영제,한병도,허종식,홍영표"
3037,이채익,"김성원,류성걸,박수영,백종헌,서병수,송석준,정동만,조경태,하태경,홍문표"
3038,오영환,"김민철,김병기,김주영,김홍걸,문정복,박정,백혜련,서영교,소병철,양정숙,윤관석,임오경,장경태,장철민,한준호,홍정민,황운하"
3039,오영환,"김민철,김병기,김영배,김주영,김홍걸,문정복,박정,백혜련,서영교,윤관석,임오경,임호선,장경태,홍정민"
3040,박완주,"권인숙,김두관,민병덕,서영석,오영환,용혜인,이상헌,이수진,전용기,최종윤"
3041,최혜영,"강선우,김상희,김승남,김승원,김한정,류호정,박성준,소병철,송재호,인재근,조오섭,허종식"
3042,한준호,"김남국,김정호,신현영,오영환,이상헌,이용빈,이용우,홍성국,홍정민"
3043,윤주경,"김기현,김병욱,김선교,서병수,윤창현,정진석,지성호,한기호,홍문표"
3044,강은미,"류호정,민형배,배진교,심상정,용혜인,이용빈,이은주,장혜영,조오섭"
3045,성일종,"강민국,김기현,김정재,신원식,유상범,이채익,임이자,전주혜,추경호"
3046,천준호,"강선우,김수흥,김정호,김진표,문정복,박상혁,박정,신동근,오영환,정정순,진성준,홍기원"
3047,임종성,"강선우,서영석,소병훈,유정주,윤준병,이상헌,이수진,전용기,최혜영"
3048,김태흠,"구자근,권성동,김도읍,서삼석,서일준,성일종,이명수,이양수,이철규,하영제"
3049,박완주,"김남국,김성주,김정재,문정복,문진석,민병덕,서영석,설훈,오영환,유기홍,이원욱,이정문,정정순,홍기원"
3050,이원욱,"고용진,김영주,김철민,송재호,신정훈,윤준병,이용빈,전용기,조승래,허영,홍성국,홍익표,홍정민"
3051,송기헌,"김영배,서영석,오영환,용혜인,이광재,이성만,이형석,조오섭,조정훈,최종윤"
3052,성일종,"권영세,김선교,김은혜,김정재,송석준,윤상현,임이자,지성호,추경호,태영호"
3053,조정훈,"김윤덕,박덕흠,박정,송재호,위성곤,이용선,장철민,한준호,홍문표"
3054,김예지,"구자근,권명호,김선교,김영식,김희국,류성걸,송석준,정희용,추경호"
3055,이수진,"박상혁,신동근,양기대,오영환,이형석,정정순,정춘숙,정태호,최강욱"
3056,윤영찬,"강병원,변재일,양경숙,오영환,이상민,이용빈,임호선,전혜숙,홍익표"
3057,윤영찬,"강병원,변재일,양경숙,오영환,이상민,이용빈,임호선,전혜숙,홍익표"
3058,인재근,"김한정,문진석,서영석,소병훈,송갑석,윤영덕,이장섭,조오섭,최연숙,최종윤,최혜영"
3059,우원식,"김성환,김승원,김영배,박성준,박홍근,소병훈,송재호,안규백,오영환,오영훈,윤건영,이해식,주철현,최종윤"
3060,이용호,"고용진,김수흥,류호정,민병덕,안호영,이상헌,이용빈,정성호,최인호"
3061,민형배,"김의겸,김철민,송재호,양경숙,윤미향,이병훈,이정문,장경태,홍익표"
3062,서영교,"김교흥,김영호,박정,신정훈,양정숙,오영환,이병훈,임오경,한병도"
3063,민형배,"강은미,김영주,김의겸,김철민,송재호,양경숙,이규민,이병훈,이정문,장경태"
3064,김영주,"김병주,김영배,김주영,서영교,송옥주,안호영,윤영덕,이원욱,정청래"
3065,민형배,"강은미,김성환,송갑석,양향자,윤미향,윤영덕,윤준병,이병훈,이용빈,이형석,조오섭"
3066,박광온,"김영배,김진표,송갑석,윤영찬,이낙연,이장섭,임호선,전혜숙,홍성국"
3067,서영교,"김교흥,김영호,박정,신정훈,양정숙,오영환,이병훈,임오경,한병도"
3068,박광온,"김영배,김진표,송갑석,윤영찬,이낙연,이장섭,임호선,전혜숙,홍성국"
3069,김영주,"김병주,김영배,김주영,서영교,송옥주,안호영,윤영덕,이원욱,정청래"
3070,김영주,"김병주,김영배,김주영,서영교,소병철,송옥주,안호영,윤영덕,이원욱,정청래"
3071,김영주,"김민철,김주영,민형배,서삼석,소병철,송재호,이상헌,임오경,임호선"
3072,김영주,"김병주,김영배,김주영,서영교,송옥주,안호영,윤영덕,이원욱,정청래"
3073,정찬민,"김희곤,박대수,서병수,송석준,엄태영,윤창현,이달곤,이종성,지성호"
3074,오기형,"김영배,김진표,신정훈,유동수,윤영덕,윤재갑,이용우,정필모,진성준,홍성국,홍정민"
3075,강민국,"강대식,구자근,김기현,김도읍,김병욱,김영식,박대수,박성민,서병수,서일준,유의동,윤창현,이채익,전주혜,정동만,최춘식,추경호,한무경"
3076,박정,"김철민,도종환,박상혁,양기대,어기구,오영환,이병훈,이성만,전용기,정춘숙,조정훈"
3077,강민국,"강대식,구자근,권명호,김기현,김도읍,김병욱,김영식,박대수,박성민,서병수,서일준,유의동,윤창현,이채익,전주혜,정동만,최춘식,추경호"
3078,안민석,"도종환,류호정,문진석,박상혁,송갑석,송기헌,유정주,윤건영,윤재갑,이상헌,인재근,조오섭"
3079,정동만,"권명호,박대수,박성민,성일종,이만희,이명수,이헌승,전봉민,황보승희"
3080,이종배,"곽상도,김선교,김승수,김형동,박덕흠,성일종,최승재,태영호,한무경"
3081,위성곤,"기동민,박상혁,송재호,양경숙,양정숙,윤영덕,윤준병,이개호,이규민"
3082,이해식,"김성환,김영배,김원이,서영석,오영환,위성곤,이학영,장철민,한병도"
3083,이성만,"김교흥,김한정,류호정,박성준,송옥주,송재호,신정훈,이수진,홍영표"
3084,최혜영,"강선우,고영인,김승원,박성준,박주민,박홍근,서동용,유정주,임호선,정춘숙"
3085,유경준,"김상훈,김용판,김은혜,박진,서일준,송석준,이채익,정동만,태영호,황보승희"
3086,강훈식,"김병기,김종민,김주영,신정훈,이광재,이동주,이용빈,장철민,조정훈,홍정민"
3087,유경준,"강기윤,김병욱,김은혜,박진,서일준,송석준,윤한홍,태영호,황보승희"
3088,이형석,"민형배,안규백,윤영덕,이병훈,이수진,이용빈,이학영,조오섭,최기상"
3089,이영,"강민국,김병욱,김승수,김정재,배준영,양금희,조명희,지성호,최춘식,한무경"
3090,이개호,"김병기,김승남,김회재,서삼석,송갑석,엄태영,오영훈,위성곤,홍성국"
3091,이수진,"강병원,강선우,신정훈,양경숙,오영환,이규민,이형석,임오경,장철민,전재수"
3092,홍정민,"강민정,김정호,김주영,문정복,민형배,박성준,신정훈,오영환,유정주,윤미향,전용기,조오섭,최기상,한준호"
3093,이학영,"김홍걸,문진석,박상혁,우원식,윤준병,이규민,이동주,임호선,정성호,홍익표"
3094,이병훈,"김철민,노웅래,박정,서영교,양기대,어기구,오영환,유정주,임오경,전재수,홍성국"
3095,위성곤,"김원이,맹성규,신동근,양정숙,윤준병,이개호,이규민,이해식,허영"
3096,윤준병,"강득구,강선우,김성주,안호영,양이원영,양정숙,오영환,이원택,장철민,최종윤"
3097,서동용,"권인숙,김정호,김철민,박찬대,윤영덕,윤재갑,이동주,한준호,홍익표"
3098,주철현,"김두관,김승남,김진표,민형배,서삼석,윤재갑,윤준병,이개호,이동주,정일영,진성준,홍기원"
3099,태영호,"권명호,권성동,권영세,김병욱,김석기,김영식,김희곤,박성중,윤창현,이종배,정찬민,정희용,조경태,한무경,홍문표"
3100,박주민,"김남국,김승원,민형배,박성준,윤건영,이용빈,정성호,정필모,조오섭,최혜영"
3101,강훈식,"김병기,김종민,김주영,신정훈,이광재,이동주,이용빈,장철민,조정훈,홍정민"
3102,이수진,"강민정,김홍걸,노웅래,류호정,문진석,박상혁,배진교,양정숙,오영환,이규민,장경태,최혜영,홍정민"
3103,유동수,"강병원,맹성규,박찬대,안규백,안호영,오영환,이개호,이병훈,이용우,이정문,최강욱,허종식"
3104,전재수,"고영인,김정호,민홍철,신영대,양경숙,유정주,윤미향,이장섭,전용기"
3105,지성호,"강대식,권영세,김예지,박대수,박성중,정찬민,조태용,최승재,허은아"
3106,김용판,"김예지,박대수,서일준,송언석,유경준,윤창현,이용,이종성,정희용,추경호,하영제"
3107,서영교,"고용진,김민철,신정훈,오영환,오영훈,이해식,이형석,임호선,장철민"
3108,김형동,"김승수,김영식,김은혜,박대수,박덕흠,서일준,양금희,이명수,전주혜,정진석,최형두,한무경,홍준표"
3109,심상정,"강민정,강은미,권인숙,류호정,배진교,양정숙,용혜인,이수진,이은주,장혜영"
3110,백혜련,"김남국,김승남,김의겸,김한정,남인순,서동용,오영환,이형석,임호선"
3111,심상정,"강은미,권인숙,류호정,배진교,양정숙,이수진,이은주,장혜영,정성호"
3112,김회재,"김성환,김승남,김원이,서동용,소병철,신정훈,양향자,용혜인,윤건영,이개호,이용우,조오섭,주철현"
3113,이동주,"강준현,강훈식,김경만,김영주,김정호,김주영,김회재,민형배,서영석,신정훈,위성곤,윤영덕,이상헌,이수진,이용선,주철현,진성준"
3114,이원욱,"고용진,김남국,김철민,변재일,송재호,신정훈,이용빈,임종성,전용기,조승래,허영,홍익표,홍정민"
3115,최강욱,"강민정,김승원,김의겸,김진표,민병덕,소병훈,오영환,이낙연,이수진"
3116,하영제,"김승수,김예지,김용판,박성민,서병수,서일준,송석준,윤창현,이영,이채익"
3117,소병훈,"김승원,류호정,박성준,송재호,오영환,유정주,윤건영,이성만,인재근"
3118,한준호,"강병원,김남국,송재호,오영환,이용빈,전혜숙,조승래,조정훈,홍성국"
3119,윤준병,"강득구,강선우,안호영,양이원영,양정숙,오영환,위성곤,윤건영,정일영"
3120,윤준병,"강득구,강선우,안호영,양이원영,양정숙,오영환,위성곤,윤건영,정일영"
3121,윤준병,"강득구,강선우,안호영,양이원영,양정숙,오영환,위성곤,윤건영,정일영"
3122,윤준병,"강득구,강선우,안호영,양이원영,양정숙,오영환,위성곤,윤건영,정일영"
3123,백혜련,"김상희,송재호,오영환,용혜인,이동주,이성만,이형석,임호선,최종윤"
3124,소병철,"김병기,김승남,김정호,류호정,박성준,양정숙,오영훈,이수진,이학영,장철민"
3125,김병주,"김민기,김진표,박상혁,안규백,양기대,오영환,이규민,이병훈,이형석,전용기,전혜숙,홍영표"
3126,박대수,"곽상도,권영세,김선교,김용판,김희곤,안병길,이종배,이주환,지성호"
3127,민형배,"김병욱,김성환,김의겸,김철민,송재호,신정훈,양경숙,윤영덕,이수진,이정문,장경태"
3128,최기상,"기동민,김승남,남인순,서동용,소병훈,윤건영,이원택,이학영,이형석,임호선,장철민,전용기,조응천"
3129,박대수,"김선교,김용판,김형동,류성걸,엄태영,윤영석,이종성,조명희,지성호"
3130,이명수,"강대식,구자근,김병욱,김예지,성일종,윤창현,이주환,최춘식,태영호,홍문표"
3131,이명수,"강대식,구자근,김병욱,김예지,성일종,윤창현,이주환,최춘식,태영호,홍문표"
3132,이종성,"김승수,김영식,김예지,박대수,서일준,서정숙,이채익,정운천,정찬민,최형두"
3133,고용진,"김경만,김수흥,김주영,김진표,박성준,변재일,양정숙,양향자,용혜인,윤관석,윤준병,윤후덕,이용호,이원욱"
3134,강선우,"김성주,남인순,변재일,서영석,신동근,오영환,윤준병,이형석,임종성,조승래,허종식"
3135,이은주,"강은미,김민철,김영배,류호정,배진교,심상정,오영환,용혜인,이소영,장경태,장혜영,조오섭"
3136,이수진,"강선우,김종민,박상혁,박재호,이규민,이성만,이용빈,이형석,임오경,장철민"
3137,서영교,"김민철,김병기,양정숙,오영환,유정주,이병훈,임오경,장경태,전용기,전혜숙"
3138,전용기,"고용진,김영배,김윤덕,김정호,노웅래,박성준,박정,서삼석,서영교,송갑석,신정훈,양향자,이상헌,이원욱,임오경,장경태,장철민,최혜영,한병도,홍정민"
3139,인재근,"김민기,서영석,소병훈,윤관석,윤미향,이규민,이장섭,최혜영,허종식"
3140,이규민,"강은미,김경만,김병주,김승원,김홍걸,윤건영,윤재갑,최인호,홍정민"
3141,송재호,"김민철,김영배,맹성규,민형배,위성곤,이광재,이장섭,조정훈,한준호"
3142,장철민,"고영인,노웅래,박영순,송옥주,안호영,오영환,이상헌,장경태,황운하"
3143,장철민,"고영인,고용진,김민철,노웅래,박영순,서영교,소병철,송옥주,안호영,오영환,윤준병,이상헌,이수진,임종성,정일영,조승래,최기상,황운하"
3144,장철민,"고영인,고용진,김민철,박영순,송옥주,오영환,이상헌,조승래,황운하"
3145,강선우,"강준현,류호정,민병덕,서영석,송재호,신영대,안규백,양이원영,윤건영,임종성,조승래,천준호,최종윤,허영"
3146,강선우,"남인순,신동근,양이원영,윤준병,이수진,이학영,임종성,허영,홍성국"
3147,강선우,"강병원,김한정,남인순,양이원영,유정주,윤건영,윤준병,이수진,임종성,임호선,최종윤,허종식,홍성국"
3148,최혜영,"강준현,기동민,김원이,남인순,이규민,이성만,인재근,임호선,정춘숙,최종윤"
3149,이종배,"김병욱,김선교,김승수,김정재,박대수,성일종,송석준,이종성,추경호"
3150,조태용,"강기윤,김영식,김예지,김홍걸,박진,서정숙,윤두현,윤주경,이영,이채익,지성호"
3151,고용진,"김경만,김수흥,김주영,김진표,문진석,박성준,안규백,양정숙,윤관석,윤준병,윤후덕,이용호,이원욱,정성호,진선미,천준호"
3152,최종윤,"강선우,김승남,김승원,김영진,민형배,박상혁,윤준병,임종성,허종식"
3153,허영,"강선우,강준현,김윤덕,김주영,소병훈,신영대,오영환,전재수,최종윤"
3154,이수진,"강선우,김병기,문정복,신정훈,양경숙,윤영덕,이규민,이성만,이해식,이형석,임오경"
3155,이종성,"김승수,김영식,김예지,박대수,서일준,서정숙,이채익,정운천,정찬민,최형두"
3156,윤준병,"고용진,김교흥,김수흥,김주영,양정숙,오영환,위성곤,이수진,이용빈,전재수"
3157,박주민,"강훈식,기동민,김종민,민형배,박성준,오기형,이재정,이탄희,정필모,진성준,최혜영"
3158,홍정민,"강훈식,민형배,박성준,서영교,신정훈,유정주,이수진,전용기,한준호"
3159,남인순,"강선우,김남국,김상희,김원이,서영석,전혜숙,정춘숙,최혜영,허종식"
3160,신동근,"강민정,강선우,김민기,소병훈,양정숙,윤건영,윤관석,윤준병,이병훈,이성만,이수진,정일영,최혜영,허종식"
3161,진성준,"김두관,김원이,김정호,박상혁,소병훈,우원식,이규민,이동주,이학영,이해식,조오섭,진선미,천준호,허영"
3162,진성준,"김두관,김원이,김정호,박상혁,소병훈,우원식,이규민,이동주,이학영,이해식,조오섭,진선미,천준호,허영"
3163,신동근,"강선우,김정호,김홍걸,박상혁,박홍근,안규백,양정숙,유정주,윤준병,이상헌,이정문,최혜영,허종식"
3164,백혜련,"김상희,송재호,오영환,용혜인,이성만,임호선,최기상,최종윤,홍성국"
3165,황운하,"강득구,김경만,김승원,김용민,문정복,민형배,윤영덕,이규민,이용선,장경태,최강욱,최혜영,홍정민"
3166,최혜영,"강선우,강준현,김상희,김승원,박성준,송재호,심상정,이은주,허종식,홍영표"
3167,황운하,"강득구,김경만,김승원,김용민,문정복,민형배,윤영덕,이규민,이용선,장경태,최강욱,최혜영,홍정민"
3168,황운하,"강득구,김경만,김승원,김용민,문정복,민형배,윤영덕,이규민,이용선,장경태,최강욱,최혜영,홍정민"
3169,박완수,"구자근,권영세,김용판,서범수,이명수,정운천,최춘식,최형두,한무경"
3170,김정재,"김상훈,김선교,서일준,성일종,이주환,이채익,전주혜,태영호,한무경"
3171,강준현,"고영인,권칠승,김병기,남인순,오영환,이장섭,최혜영,홍성국,홍정민"
3172,김예지,"구자근,김미애,김선교,김영식,김희국,서병수,송석준,이채익,추경호"
3173,송석준,"강대식,김미애,김석기,김성원,김영식,김예지,박성민,박진,백종헌,서범수,서일준,서정숙,양금희,엄태영,유경준,윤주경,이만희,이명수,이종배,이종성,정찬민,정희용,조명희,조태용,지성호,최승재,추경호,태영호,하영제"
3174,송석준,"강대식,김미애,김석기,김성원,김영식,김예지,박성민,박진,백종헌,서범수,서일준,서정숙,양금희,엄태영,유경준,윤주경,이만희,이명수,이종배,이종성,정찬민,정희용,조명희,조태용,지성호,최승재,추경호,태영호,하영제"
3175,송석준,"강대식,김미애,김석기,김성원,김영식,김예지,박성민,박진,백종헌,서범수,서일준,서정숙,양금희,엄태영,유경준,윤주경,이만희,이명수,이종배,이종성,정찬민,정희용,조명희,조태용,지성호,최승재,추경호,태영호,하영제"
3176,백종헌,"권명호,박덕흠,서정숙,정운천,지성호,최연숙,최춘식,최형두,한기호"
3177,추경호,"곽상도,김예지,김용판,박완수,성일종,유경준,윤창현,이종배,임이자,정희용,조명희"
3178,송재호,"김승남,김영배,남인순,송기헌,신영대,위성곤,이상헌,이원욱,최종윤,홍성국"
3179,송재호,"김승남,김영배,남인순,송기헌,신영대,위성곤,이상헌,이원욱,천준호,최종윤,홍성국"
3180,이개호,"김병기,김승남,김회재,서삼석,송갑석,오영훈,위성곤,윤재갑,홍성국"
3181,이종배,"곽상도,구자근,김선교,김형동,윤영석,조수진,추경호,태영호,황보승희"
3182,이종배,"김선교,김성원,김승수,김태호,김형동,박덕흠,박완수,성일종,송석준,이종성,추경호"
3183,위성곤,"김성환,민형배,송재호,양경숙,윤재갑,윤준병,이개호,이소영,이용빈,이용선,이용우,허영,홍성국"
3184,이종배,"곽상도,구자근,김선교,김형동,윤영석,조수진,추경호,태영호,황보승희"
3185,이종배,"곽상도,구자근,김선교,김형동,윤영석,조수진,추경호,태영호,황보승희"
3186,이종배,"곽상도,구자근,김선교,김형동,윤영석,조수진,추경호,태영호,황보승희"
3187,조경태,"강대식,김상훈,박완수,윤재갑,이명수,이채익,전봉민,태영호,홍문표"
3188,홍정민,"강훈식,김정호,김주영,민형배,박성준,신정훈,이용빈,전용기,한준호"
3189,진성준,"김두관,김정호,박상혁,소병훈,우원식,위성곤,이규민,이동주,조오섭,진선미,천준호,허영"
3190,김병기,"강훈식,고영인,기동민,김경협,김진표,소병철,안민석,윤준병,이개호,이상헌,이정문,전용기,조승래,조태용,홍기원"
3191,김승수,"김기현,김병욱,김예지,김용판,김웅,김정재,백종헌,서일준,유경준,이달곤,이종배,이종성,지성호,최형두,추경호,태영호"
3192,김주영,"고용진,김경협,김수흥,김영진,김정호,노웅래,류호정,박상혁,박홍근,소병훈,송옥주,윤건영,윤후덕,이병훈,이용우,임종성,정일영,천준호,홍정민"
3193,김윤덕,"김남국,김병욱,김영진,문진석,민형배,박상혁,서영석,이규민,이수진,임종성,정성호,최혜영,황운하"
3194,양금희,"김예지,백종헌,서병수,서일준,유의동,이영,정진석,정찬민,정희용,조명희,지성호,태영호,홍준표"
3195,윤영덕,"문진석,민형배,송갑석,양정숙,위성곤,이동주,이수진,조오섭,조정훈"
3196,위성곤,"김성환,민형배,양경숙,윤건영,윤재갑,윤준병,이개호,이규민,이소영,이용빈,이용선,이용우,허영"
3197,위성곤,"김성환,민형배,양경숙,윤재갑,윤준병,이개호,이소영,이용빈,이용선,이용우,허영"
3198,위성곤,"김성환,민형배,양경숙,윤재갑,윤준병,이개호,이소영,이용빈,이용선,이용우,허영,홍성국"
3199,윤영덕,"문진석,민형배,송갑석,양정숙,양향자,위성곤,이동주,이수진,조오섭,조정훈"
3200,이정문,"김병기,김철민,문진석,민형배,박상혁,서영석,안민석,임호선,황운하"
3201,위성곤,"김성환,민형배,양경숙,양정숙,윤재갑,윤준병,이개호,이소영,이용빈,이용선,이용우"
3202,이용호,"김민기,김수흥,김영호,민병덕,박상혁,박영순,안호영,이상헌,이용빈,한병도,황운하"
3203,윤준병,"고용진,김성주,김수흥,김주영,양정숙,오영환,위성곤,이용빈,장철민,전재수"
3204,김윤덕,"김남국,김병욱,김영진,문진석,민형배,박상혁,서영석,이규민,이수진,임종성,정성호,최혜영,황운하"
3205,김성주,"고민정,김민석,김원이,민형배,박상혁,양정숙,윤준병,이용빈,이학영,정춘숙,최종윤,허종식,황운하"
3206,이동주,"강준현,강훈식,김경만,민형배,서동용,위성곤,윤영덕,윤재갑,이학영,진성준,홍익표,홍정민"
3207,윤재갑,"김승남,문진석,안민석,양정숙,위성곤,이개호,이동주,이학영,홍성국"
3208,임오경,"박상혁,박정,오영환,유정주,이규민,이병훈,이상헌,이수진,조정훈,한준호"
3209,맹성규,"강선우,김승남,김철민,민병덕,박성준,소병훈,송옥주,송재호,위성곤,윤관석,윤준병,이광재,이성만,허종식"
3210,강민국,"김병욱,김영식,박성민,서일준,유의동,윤창현,정동만,정희용,한무경"
3211,최연숙,"곽상도,권영세,권은희,김병욱,김형동,백종헌,이명수,이용호,이태규"
3212,이수진,"김경협,김영배,송옥주,심상정,안호영,윤미향,윤영덕,이규민,장경태"
3213,한무경,"권명호,김영식,김정재,서일준,양금희,이용,정희용,태영호,하영제"
3214,김정호,"김남국,김병욱,김윤덕,민홍철,박상혁,서동용,양경숙,어기구,윤후덕,이병훈,임종성,정춘숙,허종식,홍정민"
3215,소병철,"김정호,김종민,김회재,박성준,백혜련,소병훈,이학영,임호선,장철민,전재수"
3216,소병철,"김승남,김정호,김종민,박성준,백혜련,소병훈,이학영,임호선,장철민,전재수"
3217,김정호,"김남국,김병욱,김윤덕,민홍철,서동용,양경숙,어기구,윤후덕,이병훈,임종성,정춘숙,조정훈,진성준,허종식,홍정민"
3218,김정호,"김남국,김병욱,김윤덕,민홍철,박상혁,서동용,양경숙,어기구,윤후덕,이병훈,임종성,정춘숙,진성준,허종식,홍정민"
3219,김정호,"김남국,김병욱,김윤덕,민홍철,서동용,양경숙,어기구,윤후덕,이규민,이병훈,임종성,정춘숙,허종식"
3220,백혜련,"김남국,김승남,김영배,김정호,남인순,오영환,이원택,정성호,홍익표"
3221,변재일,"강선우,안규백,양정숙,이용빈,이장섭,이정문,이학영,임호선,천준호"
3222,이장섭,"김진표,류호정,변재일,송갑석,신정훈,양정숙,이학영,인재근,최혜영,홍성국"
3223,김회재,"강준현,맹성규,민형배,윤건영,윤준병,이수진,이용우,정일영,진성준,홍성국"
3224,한기호,"강대식,곽상도,권명호,김선교,김성원,김승수,백종헌,이영,정운천,태영호"
3225,한기호,"강대식,곽상도,권명호,김성원,김승수,백종헌,이영,정운천,태영호"
3226,한기호,"강대식,곽상도,권명호,김선교,김성원,김승수,백종헌,이영,정운천,태영호"
3227,이개호,"김병기,김승남,서삼석,송갑석,송석준,위성곤,유동수,윤재갑,홍성국"
3228,최혜영,"강선우,김상희,김승원,김한정,김홍걸,남인순,서영석,소병훈,오영환,이탄희,조오섭,허종식"
3229,강선우,"남인순,이수진,정춘숙,조승래,최종윤,최혜영,허영,허종식,홍성국"
3230,서삼석,"김승남,김영주,김원이,민형배,박정,송재호,신정훈,안호영,어기구,오영환,위성곤,윤재갑,이개호,장경태,주철현,허종식,홍성국"
3231,강선우,"강병원,김영배,남인순,서영교,양이원영,유정주,윤건영,윤준병,이수진,임종성,최종윤,허종식,홍성국"
3232,김정재,"권명호,김병욱,김석기,박대수,박대출,성일종,송언석,양금희,이용,이주환,정진석,태영호,한무경"
3233,강선우,"강병원,김영배,김한정,남인순,서영교,양이원영,유정주,윤건영,윤준병,이수진,임종성,최종윤,허종식,홍성국"
3234,이종성,"김영식,김예지,김태호,김태흠,김형동,박대수,박성민,서범수,이종배,이채익,정운천,조명희"
3235,강민국,"김병욱,김영식,박성민,서일준,유의동,윤창현,정동만,정희용,한무경"
3236,김영호,"김승남,김영배,김의겸,김종민,민형배,박성준,위성곤,이성만,이수진,진성준,최종윤,홍기원"
3237,송재호,"김의겸,김정호,김주영,민형배,서삼석,송옥주,신정훈,이성만,조정훈"
3238,김예지,"강민정,구자근,김석기,김선교,류성걸,서병수,정희용,지성호,최형두,추경호"
3239,김예지,"강민정,구자근,김석기,김선교,류성걸,서병수,양금희,정희용,지성호,최형두,추경호"
3240,임종성,"강선우,김상희,소병훈,송갑석,송옥주,양이원영,윤준병,이수진,홍성국,홍익표"
3241,오기형,"김경만,김민철,민형배,위성곤,윤건영,윤준병,이용우,홍기원,홍영표,홍정민"
3242,박주민,"강병원,고민정,권인숙,김상희,김홍걸,송갑석,용혜인,유정주,이재정,최강욱,최혜영,홍익표"
3243,권인숙,"강득구,강병원,김철민,박찬대,서동용,심상정,용혜인,유기홍,유정주,이성만,이탄희,장혜영"
3244,최혜영,"강준현,김상희,박성준,박영순,오영환,유정주,이성만,조오섭,최기상,최종윤,허종식"
3245,권인숙,"강득구,강병원,김철민,김홍걸,박찬대,서동용,심상정,용혜인,유기홍,유정주,이성만,이탄희,장혜영"
3246,이종성,"김영식,김예지,김태흠,김형동,박대수,박성민,서범수,이종배,이채익,정운천"
3247,이원욱,"김수흥,김영진,김철민,안호영,이용빈,임종성,전혜숙,최종윤,한준호,홍성국,홍정민"
3248,서영교,"김민철,민형배,서삼석,오영환,이병훈,이해식,임오경,정정순,한병도"
3249,송재호,"강준현,김민철,김영배,맹성규,민형배,이상헌,이장섭,조정훈,홍익표"
3250,송옥주,"김경만,김홍걸,민형배,박성준,안호영,양정숙,윤건영,이병훈,임종성,진선미,홍성국"
3251,송옥주,"강민정,남인순,노웅래,맹성규,민병덕,박성준,소병훈,송재호,안호영,양정숙,유정주,윤준병,이성만,임종성,최종윤"
3252,전주혜,"강민국,곽상도,김영식,서정숙,유경준,윤두현,윤주경,윤창현,윤한홍,정진석,조명희,지성호"
3253,태영호,"권영세,김병욱,김영식,송석준,송언석,이명수,정찬민,정희용,조경태,최형두,한무경"
3254,민형배,"김병욱,김철민,문진석,소병훈,송재호,위성곤,윤영덕,주철현,홍정민"
3255,민형배,"김수흥,김홍걸,문진석,소병훈,송재호,위성곤,윤영덕,주철현,홍정민"
3256,민병덕,"강득구,강민정,강선우,권칠승,김민기,김승남,박재호,박찬대,윤준병,조오섭,허종식,홍익표"
3257,윤창현,"강민국,김용판,성일종,양금희,유경준,윤한홍,이종성,정진석,정찬민,조명희,하영제"
3258,인재근,"김승남,남인순,서영석,소병훈,이원택,조오섭,최연숙,최종윤,허종식"
3259,서영석,"김남국,김윤덕,김홍걸,문진석,설훈,안민석,이용빈,이용선,이정문,조정식,홍정민"
3260,박주민,"강민정,김남국,김민석,김승원,김영배,민형배,소병철,용혜인,장철민,정춘숙,정필모,최혜영"
3261,이수진,"김상희,노웅래,심상정,안호영,윤미향,윤영덕,이규민,이용선,임종성,정일영"
3262,김영진,"김수흥,김윤덕,김주영,박찬대,백혜련,신영대,이원욱,조응천,최종윤"
3263,이정문,"기동민,김병기,김철민,도종환,문진석,민형배,안민석,이용빈,임호선,황운하"
3264,이정문,"기동민,김병기,김철민,도종환,문진석,민형배,안민석,이용빈,임호선,황운하"
3265,하영제,"권성동,김태흠,박덕흠,서일준,성일종,엄태영,이명수,이양수,조명희"
3266,김병욱,"구자근,김석기,류성걸,서병수,이명수,이종배,이채익,정희용,주호영,태영호"
3267,정희용,"김병욱,김영식,김용판,송언석,이채익,지성호,최춘식,추경호,태영호,한무경"
3268,하영제,"권성동,김태흠,박덕흠,서일준,성일종,엄태영,이명수,이양수,조명희"
3269,임종성,"강선우,고민정,김원이,김주영,민병덕,송기헌,송옥주,우원식,윤미향,이수진"
3270,김상희,"강민정,강준현,기동민,김남국,박성준,양경숙,이수진,이은주,인재근"
3271,박찬대,"권인숙,김철민,김홍걸,박상혁,박재호,서동용,유정주,윤후덕,이성만"
3272,하영제,"권성동,김태흠,박덕흠,서일준,성일종,엄태영,이명수,이양수,이철규,조명희"
3273,유기홍,"권인숙,김영진,김철민,박상혁,서동용,안민석,윤영덕,이수진,조정식"
3274,한무경,"김영식,김정재,김형동,서병수,서일준,윤주경,이영,정희용,조명희,태영호,허은아"
3275,김영주,"민형배,서삼석,송재호,윤건영,이수진,이용우,임호선,정일영,정필모,허영,홍기원,홍정민"
3276,김영주,"강준현,김교흥,김병기,서삼석,윤영덕,이용빈,임호선,허영,허종식"
3277,하태경,"김병욱,김승수,김웅,김은혜,김형동,백종헌,윤주경,이영,이채익,최연숙,허은아"
3278,김영주,"김교흥,김병기,노웅래,민형배,서삼석,이상헌,이용빈,이원욱,임호선,허영"
3279,김영주,"김교흥,김영배,윤영덕,이상헌,이용빈,이원욱,임오경,임호선,허종식"
3280,김영주,"김교흥,서삼석,신영대,윤건영,윤관석,이용빈,이원욱,임호선,한준호,허영,허종식"
3281,하영제,"권성동,김태흠,박덕흠,서일준,성일종,엄태영,이명수,이양수,조명희"
3282,김영주,"강준현,김교흥,김병기,노웅래,서삼석,신영대,윤관석,이용빈,이원욱,한준호,허영,허종식"
3283,김영주,"강준현,김교흥,김병기,김홍걸,노웅래,서삼석,이상헌,임호선,허영"
3284,하영제,"권성동,김태흠,박덕흠,서일준,성일종,엄태영,이명수,이양수,조명희"
3285,하영제,"권성동,김태흠,박덕흠,서일준,성일종,엄태영,이명수,이양수,조명희"
3286,김은혜,"강기윤,강대식,구자근,김성원,김용판,김태호,송석준,송언석,조경태,지성호,최형두"
3287,조명희,"권영세,김병욱,김성원,김용판,김철민,박대수,박덕흠,성일종,황보승희"
3288,하영제,"권성동,김태흠,박덕흠,서일준,성일종,엄태영,이명수,이양수,조명희"
3289,강민정,"김윤덕,김의겸,심상정,오영환,용혜인,조정훈,최강욱,홍정민,황운하"
3290,이용호,"김민기,김수흥,민병덕,박상혁,오영환,이상헌,이용빈,최연숙,한병도,황운하"
3291,강득구,"김남국,도종환,박성준,박정,윤영덕,윤준병,이광재,이용빈,이재정,정청래"
3292,박주민,"박성준,유정주,윤영덕,이탄희,장경태,정춘숙,정필모,최혜영,홍정민"
3293,조명희,"권영세,김용판,박덕흠,백종헌,서정숙,성일종,윤창현,이영,태영호,하영제,황보승희"
3294,이형석,"김민기,노웅래,민형배,서영교,안규백,이병훈,이성만,이수진,이용빈,이해식,임호선,최기상,한준호,홍익표"
3295,김승남,"김승원,김원이,김회재,남인순,백혜련,서삼석,소병철,이개호,이용빈,최종윤"
3296,김승남,"김남국,김원이,문정복,서삼석,소병철,소병훈,이개호,이병훈,이용빈,이형석,주철현"
3297,조명희,"김병욱,김성원,김예지,김용판,김철민,박대수,박대출,박덕흠,성일종,황보승희"
3298,윤재갑,"서동용,서삼석,설훈,소병철,신정훈,양정숙,위성곤,이개호,조경태"
3299,송재호,"김민철,김승남,김영배,김한정,민형배,소병훈,오영훈,윤관석,이성만,정청래"
3300,이수진,"김상희,김주영,심상정,안호영,윤미향,윤영덕,이규민,이용선,정일영"
3301,이낙연,"김승남,김철민,박광온,박정,서동용,설훈,소병철,양기대,어기구,오영환,오영훈,윤영찬,윤재갑,이병훈,이장섭,임호선,전혜숙,정태호,최인호,허영,허종식,홍기원,홍성국,홍익표"
3302,서영석,"김남국,김윤덕,김홍걸,문진석,설훈,안민석,이용빈,이용선,이정문,조정식,홍정민"
3303,안규백,"고용진,김상희,김수흥,김승남,남인순,양이원영,윤관석,정일영,조오섭"
3304,고용진,"강득구,김경협,김교흥,박성준,박정,백혜련,서영교,송재호,양향자,오영환,유정주,윤후덕,이형석,임오경,임종성,정일영,진성준,한준호,홍익표"
3305,고용진,"강득구,김경협,김교흥,박성준,박정,백혜련,서영교,송재호,양향자,오영환,유정주,윤관석,윤후덕,이형석,임오경,임종성,정일영,진성준,한준호,홍익표"
3306,이낙연,"김승남,김철민,박광온,박정,서동용,설훈,소병철,양기대,어기구,오영환,오영훈,윤영찬,윤재갑,이병훈,이장섭,임호선,전혜숙,정태호,최인호,허영,허종식,홍기원,홍성국,홍익표"
3307,이낙연,"김승남,김철민,박광온,박정,서동용,설훈,소병철,양기대,어기구,오영환,오영훈,윤영찬,윤재갑,이병훈,이장섭,임호선,전혜숙,정태호,최인호,허영,허종식,홍기원,홍성국,홍익표"
3308,이낙연,"김승남,김철민,박광온,박정,서동용,설훈,소병철,양기대,어기구,오영환,오영훈,윤영찬,윤재갑,이병훈,이장섭,임호선,전혜숙,정태호,최인호,허영,허종식,홍기원,홍성국,홍익표"
3309,윤영덕,"강민정,권인숙,문진석,민형배,서삼석,송갑석,양향자,이수진,이형석,정청래,조오섭,주철현"
3310,장제원,"권성동,김예지,배현진,서정숙,송석준,윤한홍,이영,이채익,이태규,지성호,태영호"
3311,이수진,"김상희,김주영,노웅래,심상정,안호영,윤미향,윤영덕,이규민,이용선,임종성,정일영"
3312,박정,"소병훈,송옥주,양기대,어기구,오영환,유정주,윤후덕,이상헌,이형석,임오경"
3313,강병원,"강민정,강선우,김주영,박정,박주민,소병철,윤재갑,이광재,이병훈,이수진,이용우,조정훈,최종윤,허종식"
3314,이학영,"고용진,김민기,김성주,김홍걸,소병철,이동주,이장섭,임호선,최기상,최인호,홍익표"
3315,김예지,"강대식,강민국,곽상도,권영세,김병욱,김석기,김선교,김승수,김웅,박성민,박진,배현진,백종헌,서범수,서일준,송석준,안병길,양금희,윤두현,이만희,이양수,이종성,전주혜,정찬민,조명희,조태용,하영제,황보승희"
3316,김예지,"강민국,곽상도,권영세,김병욱,김석기,김선교,김승수,김웅,박성민,박진,배현진,백종헌,서범수,서일준,서정숙,송석준,안병길,양금희,윤두현,이만희,이양수,이종성,전주혜,정찬민,조명희,조태용,하영제,황보승희"
3317,강훈식,"김교흥,김주영,송갑석,이광재,이동주,이용빈,이장섭,장철민,정태호"
3318,김예지,"강대식,강민국,곽상도,권영세,김병욱,김석기,김선교,김승수,김영식,김웅,박성민,박진,배현진,백종헌,서범수,서일준,서정숙,송석준,안병길,양금희,윤두현,이만희,이양수,이종성,전주혜,정찬민,조명희,조태용,하영제,황보승희"
3319,성일종,"강민국,김은혜,김정재,이명수,이양수,이종배,임이자,전주혜,정운천"
3320,홍기원,"강선우,기동민,김교흥,김승원,박상혁,안민석,정일영,정정순,최인호,황운하"
3321,구자근,"김석기,김선교,김용판,박대수,이종배,정동만,정운천,최형두,추경호"
3322,홍정민,"김민석,민형배,신동근,오영환,위성곤,윤영찬,이규민,이병훈,한준호"
3323,서일준,"김성원,김정재,김형동,백종헌,서병수,안병길,양금희,정운천,하영제,한무경"
3324,하영제,"권성동,김용판,김태흠,박덕흠,서일준,성일종,이명수,이양수,조명희"
3325,김홍걸,"강민정,김경만,김영호,서동용,안민석,양기대,오영환,이학영,한준호,홍정민"
3326,박홍근,"김남국,김두관,김상희,김윤덕,남인순,문정복,서영석,안민석,이동주,한준호"
3327,강대식,"김병욱,김영식,김용판,류성걸,백종헌,양금희,유상범,이명수,전주혜,정찬민,조수진,태영호,한기호,허은아"
3328,강대식,"김병욱,김영식,김용판,류성걸,백종헌,양금희,유상범,이명수,정찬민,조수진,태영호,한기호,허은아"
3329,이용호,"김수흥,민병덕,박상혁,안호영,오영환,용혜인,이상헌,이용빈,이채익,한병도,황운하"
3330,박홍근,"김남국,김두관,남인순,문정복,서영석,안민석,이동주,천준호,한준호"
3331,박홍근,"김남국,김두관,김상희,김윤덕,남인순,문정복,서영석,안민석,이동주,천준호,한준호,홍정민"
3332,김병기,"기동민,김영주,문진석,박성준,박정,서영교,안민석,오영환,윤준병,이수진,이정문,전용기"
3333,김두관,"김남국,김민철,김한정,박상혁,신정훈,오영환,전재수,전혜숙,진성준"
3334,김예지,"강대식,김선교,김승수,김영식,양금희,이명수,이영,이종성,장제원,조명희"
3335,김예지,"강대식,김선교,김승수,양금희,이명수,이영,이종성,장제원,조명희"
3336,김승수,"김기현,김예지,김용판,김웅,김정재,서일준,이종성,이채익,장제원,지성호,최형두,추경호,태영호"
3337,도종환,"권인숙,김민철,김승원,김홍걸,문진석,박정,안민석,유정주,이규민,이병훈"
3338,조명희,"강대식,권명호,김선교,김승수,박대출,배현진,서일준,서정숙,성일종,신원식,양금희,엄태영,유상범,윤창현,이양수,이주환,이채익,황보승희"
3339,이영,"김도읍,김성원,김영식,양금희,윤창현,이명수,조명희,태영호,한무경"
3340,김석기,"김병욱,김선교,김형동,서병수,서정숙,이철규,정진석,정희용,지성호,태영호"
3341,구자근,"강기윤,권명호,김석기,김영식,김용판,박성민,백종헌,서범수,전봉민,황보승희"
3342,김성주,"강선우,강준현,김민철,양정숙,윤준병,이정문,최종윤,최혜영,한병도,허종식,홍성국"
3343,유동수,"강병원,김교흥,김병욱,김수흥,김주영,김진표,박정,백혜련,이개호,정일영,허종식,홍기원,홍성국"
3344,구자근,"강기윤,권명호,김석기,김영식,김용판,박성민,백종헌,서범수,전봉민,황보승희"
3345,배진교,"강은미,김홍걸,류호정,심상정,양정숙,용혜인,이은주,장혜영,허종식"
3346,이종성,"김승수,김용판,박성중,서병수,서정숙,윤한홍,이용빈,임이자,정운천,조명희,지성호"
3347,서삼석,"김승남,김원이,박정,송재호,오영환,위성곤,윤재갑,이개호,장경태,주철현,허종식"
3348,이원욱,"김수흥,김철민,이용빈,임종성,전혜숙,최종윤,한준호,홍성국,홍정민"
3349,이규민,"김승원,김영진,김용민,김원이,민형배,윤건영,이수진,인재근,정청래,최강욱,허영,황운하"
3350,민형배,"김민철,문진석,박상혁,송재호,신정훈,윤후덕,이정문,장경태,홍정민,황운하"
3351,민형배,"김홍걸,문진석,송갑석,송재호,신정훈,윤후덕,이정문,이형석,장경태,홍정민,황운하"
3352,민형배,"김수흥,문진석,박상혁,송갑석,신정훈,윤후덕,이정문,장경태,홍정민,황운하"
3353,민형배,"김민철,문진석,박상혁,송재호,신정훈,윤후덕,이정문,이형석,장경태,황운하"
3354,박상혁,"민형배,박정,서삼석,서영석,안호영,어기구,이동주,이정문,임오경,임종성,최인호"
3355,정일영,"김영진,김주영,양경숙,양이원영,우원식,윤준병,이용우,이해식,임호선,장철민,정성호,조승래,주철현,진선미,홍성국"
3356,배진교,"강은미,류호정,심상정,양정숙,용혜인,이용빈,이은주,장혜영,허종식"
3357,이학영,"강선우,김경만,김민기,김정호,신영대,윤재갑,이규민,이용선,조오섭"
3358,노웅래,"김주영,송옥주,안호영,이병훈,이수진,임종성,전용기,한준호,홍성국"
3359,송재호,"김민철,김승남,김영배,류호정,민형배,소병훈,윤관석,이성만,정청래"
3360,임종성,"기동민,김윤덕,김정호,김주영,서영석,소병훈,송갑석,송옥주,윤준병,윤후덕,이원욱"
3361,박완수,"강기윤,권영세,김용판,김태호,이종배,조경태,최형두,추경호,태영호"
3362,박완수,"강기윤,권영세,김성원,김용판,김태호,백종헌,조경태,최형두,추경호,태영호"
3363,김예지,"권명호,김미애,김병욱,김선교,김승수,김웅,배현진,백종헌,신원식,최승재"
3364,김성원,"김용판,김태호,박대수,박성중,서일준,정진석,조명희,최춘식,최형두"
3365,김예지,"권명호,김미애,김병욱,김선교,김승수,김웅,배현진,백종헌,신원식,최승재"
3366,김성원,"김용판,김태호,박대수,서일준,이영,이종배,정진석,조명희,최춘식,최형두,추경호"
3367,김성원,"김용판,김태호,박대수,서일준,이영,이종배,정진석,조명희,최춘식,최형두,추경호"
3368,박찬대,"김영진,김철민,김홍걸,박재호,서동용,유동수,유정주,윤후덕,이성만,전재수,허종식"
3369,설훈,"김의겸,김진표,민형배,오기형,용혜인,윤미향,윤영찬,윤재갑,이용우,전용기,허영"
3370,김한정,"강병원,김민석,김병욱,소병훈,양정숙,윤관석,이성만,이원택,천준호,홍성국"
3371,김한정,"강병원,김민석,김병욱,소병훈,양정숙,윤건영,윤관석,이성만,이원택,이인영,천준호,홍성국"
3372,양정숙,"김남국,김홍걸,남인순,류호정,서영교,이규민,이상헌,이용빈,이용호"
3373,송석준,"구자근,박성민,박형수,서병수,이종배,장제원,정찬민,추경호,태영호"
3374,홍기원,"김경만,김병기,송옥주,신현영,윤준병,이용우,정일영,정정순,조응천,천준호,홍정민,황운하"
3375,이영,"김은혜,서일준,양금희,윤두현,이명수,이채익,조명희,추경호,태영호,한무경"
3376,이병훈,"도종환,박정,서영교,오영환,유정주,임오경,장철민,조승래,홍성국"
3377,장혜영,"강선우,강은미,권인숙,김예지,류호정,박덕흠,배진교,심상정,이수진,이은주"
3378,장혜영,"강선우,강은미,권인숙,김예지,류호정,박덕흠,배진교,심상정,이수진,이은주"
3379,고용진,"김경협,김교흥,남인순,박정,서영교,양정숙,양향자,오영환,유정주,윤관석,윤영찬,윤후덕,이규민,임오경,한준호"
3380,정청래,"강득구,김남국,송갑석,오영환,이수진,이용빈,이형석,전혜숙,주철현"
3381,김성원,"권성동,박대수,박덕흠,배현진,윤상현,이용,이종배,정운천,최춘식,최형두"
3382,김성원,"권성동,박덕흠,배현진,윤상현,이용,이종배,정운천,최춘식,최형두"
3383,김성원,"권성동,김용판,박대수,박덕흠,배현진,윤상현,이용,이종배,정운천,최춘식,최형두"
3384,임오경,"김승원,박성준,박정,오영환,이병훈,이상헌,조오섭,최종윤,최혜영"
3385,이종배,"곽상도,김병욱,김선교,김승수,박덕흠,윤영석,조수진,지성호,태영호"
3386,이종배,"곽상도,김병욱,김선교,김승수,박덕흠,윤영석,조수진,지성호,태영호"
3387,이종배,"곽상도,김병욱,김선교,김승수,박덕흠,윤영석,조수진,지성호,태영호"
3388,이형석,"노웅래,문진석,민형배,안규백,양기대,이병훈,이성만,이수진,이해식,임호선,한준호,홍익표"
3389,송재호,"김민철,김영배,양정숙,오영훈,이상헌,이장섭,이채익,최종윤,한준호"
3390,황운하,"강민정,김경만,민형배,송갑석,양정숙,오영환,이규민,이정문,홍정민"
3391,이수진,"강민정,강선우,김병기,문정복,신정훈,양경숙,양기대,오영훈,윤준병,이규민,이형석"
3392,최기상,"기동민,김승남,남인순,박성준,서동용,소병훈,윤준병,이학영,이형석,임호선,전용기,정일영"
3393,김수흥,"김민철,김진표,김철민,박성준,백혜련,안규백,안호영,양정숙,윤관석,윤준병,이상헌,이수진,이용호"
3394,양정숙,"김수흥,김홍걸,서영교,안호영,윤재갑,윤준병,이상헌,이용빈,조오섭"
3395,양정숙,"고영인,김홍걸,심상정,안호영,윤준병,이규민,이용호,조오섭,황운하"
3396,장혜영,"강선우,강은미,권인숙,김예지,류호정,박덕흠,배진교,심상정,이수진,이은주"
3397,양정숙,"김수흥,김홍걸,서영교,안호영,윤재갑,윤준병,이상헌,이용빈,조오섭"
3398,김남국,"김영배,민형배,박상혁,박홍근,백혜련,서영석,오영환,이용우,정청래"
3399,김상희,"김민철,김승남,문정복,박성준,서영교,오영환,용혜인,유정주,윤건영,이원욱,정필모,조오섭,최종윤"
3400,양금희,"강대식,김형동,서병수,서일준,윤두현,윤창현,이주환,조명희,지성호,최승재,추경호,한무경,홍석준"
3401,엄태영,"김성원,김희곤,박대수,박덕흠,서범수,이채익,정운천,정찬민,조명희,홍문표"
3402,김성주,"강선우,강준현,김민철,양정숙,윤준병,이정문,최종윤,최혜영,한병도,허종식,홍성국"
3403,임호선,"고영인,김민석,백혜련,소병철,송옥주,오영환,이장섭,이학영,이형석,홍익표"
3404,김상희,"김민철,김승남,류호정,문정복,박성준,서영교,오영환,용혜인,유정주,윤건영,이원욱,정필모,조오섭,최종윤"
3405,김은혜,"구자근,김기현,김태호,김태흠,박수영,성일종,양금희,유경준,이영,이태규,정희용,조경태,지성호,추경호"
3406,김종민,"고영인,김영배,김의겸,박상혁,배진교,양정숙,오영훈,장경태,전혜숙,최강욱"
3407,문진석,"김민철,서영석,송갑석,안민석,이규민,이용빈,이정문,이형석,조오섭,홍익표"
3408,김승원,"김남국,김용민,민형배,이규민,인재근,장경태,최강욱,한병도,황운하"
3409,장제원,"박성민,백종헌,안병길,윤두현,윤한홍,이명수,이태규,지성호,태영호"
3410,김예지,"구자근,김선교,김승수,류성걸,이명수,이종성,최형두,추경호,홍석준"
3411,추경호,"강민국,권명호,김미애,김석기,김영식,김정재,박진,송석준,양금희,윤두현,윤희숙,이명수,이영,이채익,이헌승,임이자,전주혜,정운천,최형두,허은아"
3412,박찬대,"강득구,권인숙,김홍걸,박재호,서동용,신영대,유동수,윤후덕,이성만"
3413,이규민,"김두관,김주영,박정,윤미향,이동주,이수진,이수진,이재정,정정순"
3414,박찬대,"강민정,권인숙,김홍걸,박재호,서동용,신영대,유동수,윤후덕,이성만"
3415,엄태영,"강기윤,권성동,김성원,김태호,서병수,양금희,이철규,추경호,하영제,한무경"
3416,김도읍,"권영세,김태흠,신원식,양금희,윤한홍,이헌승,조수진,추경호,태영호"
3417,김도읍,"권영세,김태흠,신원식,양금희,윤한홍,이헌승,조수진,추경호,태영호"
3418,김도읍,"권영세,김태흠,신원식,양금희,윤한홍,이헌승,조수진,추경호,태영호"
3419,황운하,"민형배,송옥주,양정숙,오영환,유동수,이규민,이성만,이용호,홍기원,홍정민"
3420,송기헌,"김병욱,김종민,민병덕,박성준,소병철,송재호,이광재,주철현,허영,황운하"
3421,김주영,"고용진,김수흥,김정호,노웅래,류호정,박홍근,소병훈,송옥주,윤준병,윤후덕,이수진,정일영,천준호"
3422,위성곤,"김원이,맹성규,소병철,양정숙,윤재갑,윤준병,이개호,이규민,이해식,조응천,진성준,최인호"
3423,기동민,"강병원,권인숙,김민기,김병기,용혜인,임종성,임호선,한준호,홍기원"
3424,이은주,"강은미,김경협,김민철,김병주,류호정,배진교,심상정,오영환,임오경,임종성,장혜영"
3425,양정숙,"고영인,김성주,김홍걸,심상정,안호영,윤준병,이규민,이용호,조오섭"
3426,양정숙,"김성주,김홍걸,심상정,안호영,윤준병,이규민,이용호,조오섭,황운하"
3427,홍성국,"강선우,강준현,민병덕,송재호,양기대,오영훈,이개호,이병훈,전용기,정일영,홍익표"
3428,이원욱,"강득구,고영인,김영주,김철민,위성곤,윤영찬,이용빈,한준호,허영,홍성국,홍익표"
3429,이소영,"강민정,고민정,김성환,민형배,윤준병,이용빈,이용선,이용우,이해식,허영"
3430,권칠승,"강병원,강준현,고영인,고용진,김민석,민병덕,박상혁,임호선,홍익표"
3431,민형배,"김성환,김홍걸,이병훈,이용빈,이정문,최종윤,홍성국,홍익표,황운하"
3432,류성걸,"권명호,김병욱,김용판,김형동,박덕흠,서병수,윤영석,이채익,태영호"
3433,김성환,"강득구,김남국,김성주,김승원,김영배,김원이,김정호,문진석,민형배,박완주,신영대,신정훈,양경숙,양이원영,양정숙,어기구,우원식,위성곤,윤영덕,윤준병,이소영,이용빈,이용선,이원택,이학영,이해식,천준호,허영,홍성국"
3434,이규민,"김승원,민형배,송갑석,위성곤,이성만,이수진,임오경,장경태,정청래,최종윤,황운하"
3435,류성걸,"권명호,김병욱,김용판,김형동,박덕흠,서병수,윤영석,이채익,태영호"
3436,강준현,"강선우,김윤덕,신영대,유정주,이병훈,조응천,주철현,홍성국,홍정민"
3437,김승남,"민병덕,송재호,위성곤,윤재갑,이용빈,이인영,이형석,정일영,정정순,최종윤,홍정민"
3438,장제원,"박성민,박성중,백종헌,송석준,윤두현,윤한홍,이명수,지성호,태영호"
3439,조응천,"강준현,김철민,문진석,오영환,오영훈,이상헌,한병도,한준호,홍성국"
3440,권성동,"김희국,류성걸,서일준,윤영석,윤창현,윤한홍,정운천,정진석,홍문표"
3441,김성환,"강득구,김성주,김승원,김영배,김원이,김정호,문진석,민형배,박완주,박정,신영대,신정훈,양이원영,양정숙,어기구,우원식,위성곤,윤영덕,윤준병,이소영,이용빈,이용선,이원택,이학영,이해식,천준호,허영,홍성국"
3442,양정숙,"강민정,김성주,김홍걸,서영교,심상정,윤준병,이상헌,이용빈,조오섭"
3443,구자근,"곽상도,권명호,김태흠,김형동,박대수,백종헌,서범수,이용호,조수진,태영호"
3444,강병원,"권칠승,기동민,김영호,김한정,윤영찬,이해식,임호선,전혜숙,정정순"
3445,송재호,"김민철,김영배,오영훈,이광재,이상헌,이장섭,최종윤,한준호,홍익표"
3446,송재호,"김민기,김민철,김영배,맹성규,오영훈,이광재,이상헌,이장섭,최종윤,한준호,홍익표"
3447,이규민,"문정복,민형배,송갑석,이성만,이수진,이수진,임오경,장경태,정청래,황운하"
3448,이헌승,"김도읍,김상훈,김은혜,김희곤,서병수,성일종,송석준,윤한홍,이명수,이양수,임이자,정동만,조해진"
3449,유동수,"강병원,김민철,류호정,서영교,송재호,양정숙,유정주,조오섭,최종윤,허종식"
3450,유동수,"강병원,김민철,류호정,서영교,송재호,양정숙,유정주,조오섭,허종식"
3451,임호선,"강병원,강선우,권칠승,백혜련,송옥주,오영환,이장섭,이학영,임종성,홍성국"
3452,백혜련,"김남국,남인순,박성준,서동용,오영환,이동주,이성만,이원택,이해식,이형석,임호선"
3453,문진석,"서영석,송갑석,안민석,양이원영,이동주,이용빈,이정문,이형석,조오섭,홍익표"
3454,양경숙,"김수흥,김승남,남인순,박찬대,백혜련,변재일,신정훈,윤관석,정청래,최종윤"
3455,홍익표,"김민기,문진석,송재호,윤영찬,이원욱,이형석,조승래,한준호,홍성국"
3456,안호영,"김성주,김수흥,김윤덕,김의겸,신영대,양정숙,윤준병,이용호,이원택,최강욱,한병도,홍성국"
3457,양경숙,"김수흥,김승남,남인순,박찬대,백혜련,변재일,신정훈,윤관석,정청래,최종윤"
3458,맹성규,"강득구,김승원,서삼석,신현영,이성만,이용우,임호선,정필모,최종윤,홍기원,홍정민"
3459,태영호,"김석기,김영식,송석준,이종배,이주환,장제원,정희용,조경태,허은아"
3460,양경숙,"김영배,남인순,송재호,신정훈,안민석,용혜인,윤영찬,윤준병,이수진,이장섭,이탄희,임호선,정일영,최종윤"
3461,정희용,"김병욱,김영식,김용판,김은혜,류성걸,이종성,최춘식,태영호,한무경"
3462,박주민,"김남국,김승원,김정호,김종민,민형배,이용우,임호선,정필모,홍정민"
3463,이장섭,"기동민,김정호,변재일,소병철,송재호,신정훈,양경숙,이학영,임호선"
3464,서정숙,"강대식,김성원,김승수,김예지,서일준,윤두현,이양수,이종성,이채익,전봉민,조명희,최승재,하영제"
3465,이용빈,"강득구,강은미,강훈식,고영인,김경협,김병욱,김홍걸,문진석,민형배,송갑석,양정숙,유정주,윤영찬,이용호,이형석,전혜숙,한준호"
3466,김수흥,"김경만,김경협,김교흥,김병주,김진표,김철민,민형배,안규백,안호영,양정숙,유동수,윤준병,이상헌,이용호,천준호,황운하"
3467,정운천,"구자근,김병욱,김태호,류성걸,양금희,이종성,이채익,전봉민,조경태,황보승희"
3468,이학영,"강선우,김윤덕,윤재갑,이규민,이동주,이장섭,임호선,조오섭,진선미,홍익표"
3469,홍정민,"김병욱,김정호,맹성규,민형배,신정훈,유정주,이용빈,이용우,이원택,한준호"
3470,김한정,"강병원,김민기,류호정,박성준,양정숙,윤관석,이성만,이용우,천준호,홍성국"
3471,양정숙,"강민정,김성주,김수흥,서영교,용혜인,윤준병,이상헌,이용빈,조오섭"
3472,양정숙,"김한정,김홍걸,서영교,안호영,위성곤,이규민,이상헌,이용빈,조오섭"
3473,황보승희,"권영세,배현진,서일준,유경준,이태규,정경희,정동만,정운천,조명희,허은아"
3474,양정숙,"강민정,김수흥,안호영,위성곤,윤준병,이상헌,이용빈,이장섭,조오섭"
3475,박대출,"김상훈,김성원,김영식,김예지,김용판,박성민,이명수,이종성,조승래"
3476,김선교,"구자근,권성동,김영식,김예지,박대수,안병길,이만희,이종배,이철규,추경호"
3477,김도읍,"권명호,김정재,서병수,이헌승,임이자,전주혜,조명희,추경호,홍준표"
3478,최기상,"강준현,권칠승,기동민,김승남,김영배,김한정,박상혁,소병훈,윤건영,윤준병,이규민,이원택,이탄희,이학영,이형석,임호선,전용기,정일영"
3479,김선교,"구자근,권성동,김석기,박대수,성일종,안병길,이종배,이철규,추경호"
3480,태영호,"권명호,김병욱,김석기,김승수,김영식,김정재,김태흠,류성걸,배현진,서일준,송석준,양금희,이명수,이종배,정찬민,추경호,한기호,황보승희"
3481,박상혁,"김성주,김원이,김정호,김종민,김주영,문정복,민형배,서영석,신동근,어기구,이용호,최인호,홍기원"
3482,이주환,"권명호,김병욱,김용판,김정재,서병수,송언석,양금희,전봉민,정동만,지성호,한무경"
3483,홍정민,"김병욱,김정호,김주영,맹성규,민형배,용혜인,이원택,정청래,한준호"
3484,김선교,"구자근,김영식,김예지,박대수,성일종,이종배,이철규,정진석,추경호"
3485,신현영,"강민정,김경만,김진표,맹성규,문진석,박홍근,송영길,양정숙,오영환,용혜인,윤영덕,윤준병,이규민,이수진,이수진,이용빈,이용우,이탄희,정찬민,허영,허종식,홍정민"
3486,김선교,"구자근,김영식,김예지,박대수,성일종,이종배,이철규,정진석,추경호"
3487,서병수,"구자근,류성걸,서일준,양금희,윤영석,이명수,이주환,전봉민,조경태,최형두"
3488,이헌승,"김도읍,김미애,김승수,김정재,박성민,이양수,이주환,임이자,전봉민,조해진"
3489,김선교,"구자근,김영식,김예지,박대수,성일종,이종배,이철규,정진석,추경호"
3490,김선교,"구자근,김영식,김예지,박대수,성일종,이종배,이철규,정진석,추경호"
3491,김선교,"구자근,김영식,김예지,박대수,성일종,이종배,이철규,정진석,추경호"
3492,김선교,"구자근,김영식,김예지,박대수,성일종,이종배,이철규,정진석,추경호"
3493,김선교,"구자근,김영식,김예지,박대수,성일종,이종배,이철규,정진석,추경호"
3494,김선교,"구자근,김영식,김예지,박대수,성일종,이종배,이철규,정진석,추경호"
3495,신현영,"김승원,김홍걸,민형배,오영환,윤건영,이용우,임호선,진성준,허종식"
3496,이헌승,"김도읍,김미애,김승수,김정재,박성민,이양수,이주환,임이자,전봉민,조해진"
3497,이규민,"김경만,민형배,윤미향,이성만,임오경,장경태,정성호,정청래,진성준,허영,황운하"
3498,이종성,"김기현,김용판,박대수,서범수,서일준,서정숙,이채익,정운천,지성호,최형두,한무경"
3499,김수흥,"고용진,김경만,김경협,김성주,김승남,김영진,김진표,김철민,김홍걸,민형배,박덕흠,안규백,안호영,오영훈,위성곤,윤재갑,윤준병,윤후덕,이개호,이상헌,정운천,한병도"
3500,신현영,"강준현,김민철,김승원,김진표,민형배,오영환,이용선,이용우,진성준,허종식"
3501,김주영,"고용진,김경협,김수흥,김정호,노웅래,류호정,박홍근,소병훈,송옥주,이용우,이은주,정일영,홍정민"
3502,신정훈,"김승남,김원이,김진표,민형배,서영교,유정주,윤재갑,윤준병,이상헌,이성만,이원택,이장섭,홍정민"
3503,신현영,"강민정,강준현,김민철,김승원,김진표,도종환,민형배,오영환,오영훈,윤건영,이광재,이용선,이용우,진성준,허종식"
3504,장경태,"김원이,김의겸,민형배,송옥주,오영환,유정주,이은주,장철민,전용기"
3505,정청래,"김남국,김승남,문진석,서영교,소병훈,오영환,이규민,조오섭,최혜영"
3506,김원이,"기동민,박홍근,송옥주,신정훈,위성곤,이규민,이동주,임종성,장경태,조오섭,최혜영"
3507,김원이,"기동민,박상혁,박홍근,송옥주,신정훈,이규민,이동주,임종성,장경태,조오섭,최혜영"
3508,홍성국,"강선우,김경만,김성주,노웅래,문정복,민병덕,민형배,서영석,양기대,윤건영,이개호,이병훈,이원욱,임호선,전용기,정필모,한준호,허영,홍익표"
3509,이학영,"강선우,김정호,김홍걸,신영대,윤재갑,이규민,이동주,이장섭,이재정,임호선,한준호"
3510,김병주,"기동민,김남국,김민기,김승원,윤영덕,이광재,이규민,이용빈,임호선,정일영,홍기원,홍성국"
3511,김용민,"김남국,민형배,송재호,오영환,윤영덕,윤준병,이규민,정필모,최혜영,홍기원,홍정민,황운하"
3512,송기헌,"김의겸,문정복,박성준,송재호,이광재,이성만,정일영,허영,홍성국"
3513,김용판,"권명호,김예지,박대수,박덕흠,서일준,이종성,정희용,추경호,하영제"
3514,고민정,"김성주,김영배,김주영,맹성규,민병덕,오영환,윤건영,윤준병,임종성"
3515,장철민,"고영인,김민철,오영환,윤준병,이광재,이상헌,장경태,정일영,정태호"
3516,양정숙,"김성주,김수흥,김홍걸,서영교,심상정,안호영,윤준병,이용빈,이용호,조오섭"
3517,정희용,"김병욱,김희곤,박성민,서병수,송재호,이채익,정진석,최춘식,태영호,한무경"
3518,이용호,"김수흥,민병덕,박상혁,오영환,이상헌,이용빈,이채익,최연숙,한병도,황운하"
3519,장제원,"박덕흠,박성민,배현진,백종헌,서정숙,윤상현,윤한홍,지성호,한무경,홍문표"
3520,이형석,"김승남,문진석,백혜련,송갑석,윤영덕,이정문,이탄희,이해식,전용기,조오섭,한병도,홍익표"
3521,김병주,"기동민,김민기,김승원,김진표,민형배,신정훈,신현영,윤영덕,이규민,이용빈,임호선,홍기원"
3522,이형석,"김승남,문진석,백혜련,송갑석,윤영덕,이정문,이탄희,이해식,전용기,조오섭,한병도,홍익표"
3523,김병주,"기동민,김민기,김승원,김진표,신정훈,신현영,윤건영,윤영덕,이규민,이용빈,임호선,홍기원"
3524,진성준,"강병원,김의겸,소병철,소병훈,유정주,윤건영,윤준병,이동주,이해식,전혜숙,천준호"
3525,위성곤,"권성동,김정호,김희곤,맹성규,박수영,서삼석,안병길,윤건영,윤재갑,윤준병,이개호,장제원,정성호,주철현,진성준,최인호,최혜영,하태경"
3526,이규민,"김승원,김정호,김홍걸,민형배,양정숙,윤미향,이성만,임오경,장경태,정청래,홍정민,황운하"
3527,이원택,"김승원,백혜련,송재호,이규민,이상헌,이소영,장경태,최종윤,한병도"
3528,이해식,"김승남,김영배,서영석,안규백,위성곤,이형석,인재근,전재수,정일영,한병도"
3529,민형배,"김민철,김수흥,김철민,이규민,이수진,이정문,정필모,홍성국,홍정민"
3530,서병수,"구자근,김형동,류성걸,박성민,서일준,양금희,윤창현,전봉민,정경희,조경태,홍문표"
3531,이해식,"강병원,김승남,김영배,김정호,백혜련,신동근,위성곤,인재근,전재수,정일영"
3532,서병수,"구자근,김은혜,김형동,류성걸,서일준,양금희,윤창현,전봉민,정경희,조경태,최형두,홍문표"
3533,이만희,"권명호,김석기,김선교,김태흠,박덕흠,윤한홍,이명수,이양수,이용"
3534,강선우,"강득구,김회재,남인순,박찬대,백혜련,안규백,양이원영,양정숙,유정주,윤준병,이소영,정청래,최혜영"
3535,장제원,"박덕흠,박성민,배현진,백종헌,서정숙,윤상현,윤한홍,지성호,홍문표"
3536,김민철,"김성주,김철민,김홍걸,노웅래,민형배,송재호,양정숙,오영환,장철민"
3537,천준호,"고민정,김교흥,김정호,김주영,박상혁,박찬대,소병철,신영대,양이원영,양향자,진성준,최인호"
3538,정정순,"강병원,김경협,김승남,김정호,신정훈,이규민,이병훈,임호선,홍기원"
3539,홍석준,"김용판,김형동,배현진,안호영,양금희,이원욱,임이자,최승재,하영제"
3540,이철규,"구자근,권성동,김선교,김영식,김용판,서정숙,양금희,윤영석,윤창현,이주환,정운천"
3541,이철규,"구자근,권명호,권성동,김선교,김영식,김용판,서정숙,양금희,윤창현,이주환,정운천"
3542,김용판,"구자근,권명호,김성원,김예지,박대수,박덕흠,송언석,오영환,유경준,이종성,조명희,추경호"
3543,소병철,"권인숙,김민기,김영주,백혜련,안호영,오영환,이학영,임호선,장철민"
3544,김승남,"김원이,민병덕,송재호,위성곤,윤재갑,이용빈,이형석,정일영,최종윤"
3545,이탄희,"박정,서동용,양향자,우원식,이형석,장철민,전혜숙,천준호,최혜영"
3546,태영호,"구자근,김상훈,김석기,김성원,김영식,김희곤,용혜인,이채익,조경태"
3547,안민석,"김정호,김한정,도종환,류호정,문진석,윤재갑,이규민,이성만,전혜숙"
3548,이규민,"김민철,김승원,민형배,송갑석,양기대,용혜인,이성만,이수진,정청래,홍정민,황운하"
3549,추경호,"구자근,김예지,김용판,윤창현,전주혜,조명희,최춘식,태영호,허은아"
3550,김승남,"김원이,민병덕,서삼석,위성곤,윤재갑,이용빈,이형석,조오섭,주철현,최종윤"
3551,유기홍,"권인숙,김철민,박찬대,서동용,서영교,안민석,유정주,윤영덕,조오섭"
3552,김민기,"권인숙,기동민,김병주,임호선,정춘숙,정필모,허종식,홍성국,홍영표"
3553,유기홍,"권인숙,김철민,서동용,서영교,안민석,유정주,윤영덕,임호선,조오섭"
3554,유기홍,"강민정,권인숙,김철민,서동용,송재호,안민석,윤영덕,임호선,조오섭"
3555,유기홍,"강민정,권인숙,김철민,서동용,송재호,안민석,윤영덕,임호선,조오섭"
3556,이헌승,"김도읍,김병욱,김영진,김정호,문정복,박진,백혜련,송언석,이양수,이종배,이주환,정동만,진성준,하영제"
3557,이헌승,"김도읍,김병욱,김영진,김정호,문정복,박진,백혜련,송언석,이양수,이종배,이주환,정동만,진성준,하영제"
3558,장철민,"김민철,박찬대,설훈,송옥주,오영환,우원식,이성만,임오경,홍영표"
3559,홍성국,"강선우,김경만,김병욱,김성주,민병덕,안호영,오영환,윤재갑,윤준병,이병훈,이수진,이용우,이원욱,이장섭,임호선,정필모,한준호,홍기원,홍익표,홍정민"
3560,윤준병,"김교흥,안호영,양이원영,양정숙,오영환,이수진,임호선,정정순,최종윤"
3561,소병훈,"고영인,김승남,김승원,서영교,송재호,신정훈,안규백,양정숙,윤관석,윤준병,이성만,인재근,홍정민"
3562,이용호,"구자근,김민기,김수흥,민병덕,박상혁,안호영,오영환,이상헌,이용빈,한병도,황운하"
3563,소병철,"김승남,김정호,김종민,김진표,류호정,박성준,송재호,양정숙,장철민"
3564,하영제,"권성동,김용판,김태흠,김형동,서병수,서일준,성일종,이명수,이양수,한무경"
3565,변재일,"강선우,도종환,박덕흠,설훈,윤영찬,이장섭,이종배,임호선,정정순,조승래"
3566,변재일,"강선우,도종환,박덕흠,설훈,윤영찬,이장섭,이종배,임호선,정정순,조승래"
3567,김철민,"고영인,권인숙,김민철,민형배,박상혁,서동용,안민석,유동수,이병훈,이원욱,이정문,조응천"
3568,조승래,"강선우,권인숙,소병철,윤영찬,이병훈,이상헌,이원욱,최인호,허은아"
3569,이낙연,"김승남,김영배,김주영,김철민,박광온,박영순,박정,서동용,설훈,양기대,어기구,오영환,오영훈,윤영찬,윤준병,이개호,이병훈,이장섭,임호선,전혜숙,정정순,정태호,최인호,허영,허종식,홍기원,홍성국,홍익표"
3570,이낙연,"김승남,김영배,김주영,김철민,박광온,박영순,박정,서동용,설훈,신영대,양기대,어기구,오영환,오영훈,윤영찬,윤준병,이개호,이병훈,이장섭,임호선,전혜숙,정정순,정태호,최인호,허영,허종식,홍기원,홍성국,홍익표"
3571,최연숙,"권영세,권은희,김병욱,남인순,서정숙,송재호,이명수,이용호,이채익,이태규"
3572,기동민,"강병원,김민기,김병기,김병주,김승남,김진표,임호선,조오섭,한준호"
3573,김홍걸,"김경만,김수흥,양기대,양정숙,오영환,이상헌,이학영,임오경,한준호"
3574,이낙연,"김승남,김영배,김주영,김철민,박광온,박영순,박정,서동용,설훈,양기대,어기구,오영환,오영훈,윤영찬,윤준병,이개호,이병훈,이장섭,임호선,전혜숙,정정순,정태호,최인호,허영,허종식,홍기원,홍익표"
3575,이낙연,"김승남,김영배,김주영,김철민,박광온,박영순,박정,서동용,설훈,신영대,양기대,어기구,오영환,오영훈,윤영찬,윤재갑,윤준병,이개호,이병훈,이장섭,임호선,전혜숙,정정순,정태호,최인호,허영,허종식,홍기원,홍성국,홍익표"
3576,이학영,"강선우,김경만,김정호,윤재갑,이동주,이용선,이원택,이해식,홍성국"
3577,이낙연,"김승남,김영배,김주영,김철민,박광온,박영순,박정,서동용,설훈,신영대,양기대,어기구,오영환,오영훈,윤영찬,윤준병,이개호,이병훈,이장섭,임호선,전혜숙,정정순,정태호,최인호,허영,허종식,홍기원,홍성국,홍익표"
3578,심상정,"강민정,강선우,강은미,권영세,김민석,김민철,김예지,김주영,김철민,남인순,류호정,민형배,박덕흠,박상혁,배진교,서동용,송석준,송옥주,안규백,양정숙,오영환,이낙연,이용빈,이은주,이해식,장혜영,진선미,진성준,천준호"
3579,이학영,"김성주,김윤덕,우원식,이규민,이동주,이수진,이장섭,임호선,홍익표"
3580,정동만,"권성동,박대수,박성민,유경준,이만희,이명수,이용,이종성,황보승희"
3581,하영제,"권성동,김형동,박덕흠,박성민,서일준,성일종,윤창현,이철규,홍준표"
3582,신현영,"신정훈,오영환,이수진,이용빈,이용우,임호선,최종윤,허종식,홍기원"
3583,신현영,"신정훈,오영환,이수진,이용빈,이용우,임호선,최종윤,허종식,홍기원"
3584,신현영,"신정훈,오영환,이수진,이용빈,이용우,임호선,최종윤,허종식,홍기원"
3585,이용빈,"강득구,고영인,김경만,김병욱,김승남,김영배,김정호,김홍걸,민형배,박찬대,백혜련,서영석,신정훈,양정숙,유정주,윤준병,이병훈,이용선,이용우,이용호,이원욱,이형석,장경태,전혜숙,정춘숙,조승래,조오섭,한병도,한준호,홍정민"
3586,김도읍,"구자근,김태흠,윤한홍,이명수,이용,이헌승,조수진,추경호,태영호"
3587,김형동,"권영세,김병욱,김선교,김승수,김용판,박대수,박수영,엄태영,유상범,정경희"
3588,천준호,"고민정,김수흥,박상혁,소병철,신영대,양이원영,양향자,진성준,최인호,홍성국"
3589,김경만,"강득구,김수흥,김홍걸,문진석,송옥주,윤미향,이규민,이성만,황운하"
3590,이종성,"김영식,김형동,박대수,박형수,서병수,서일준,이종배,정운천,조명희,추경호"
3591,고민정,"강준현,고영인,김승남,김영주,김정호,도종환,류호정,민병덕,박주민,오영환,윤준병,이성만,장경태,최강욱,허영,허종식,홍기원"
3592,고민정,"강선우,강준현,고영인,권인숙,김남국,김승남,김승수,김영배,김영주,김정호,도종환,류호정,민병덕,박성준,신현영,안규백,오영환,우원식,윤건영,윤준병,이성만,이용선,장경태,조오섭,천준호,최강욱,허영,허종식,홍익표"
3593,김경만,"김남국,김수흥,김홍걸,문진석,송옥주,양정숙,이용빈,홍성국,홍정민"
3594,이종배,"김병욱,김선교,박덕흠,성일종,송석준,윤영석,이종성,이헌승,태영호,한무경"
3595,오영환,"김민철,문정복,박재호,서영교,윤준병,이병훈,이은주,임오경,장철민,전용기,한준호"
3596,오영환,"김민철,김홍걸,문정복,서영교,윤준병,이병훈,이은주,임오경,임호선,장철민,한준호,홍성국"
3597,최연숙,"권영세,권은희,김병욱,남인순,서정숙,송재호,이명수,이용호,이채익,이태규"
3598,하영제,"김용판,김태흠,김형동,박성민,서병수,서일준,윤두현,이명수,이양수,한무경"
3599,김성주,"강선우,기동민,서영석,양정숙,정춘숙,최종윤,최혜영,허종식,황운하"
3600,최연숙,"권영세,권은희,김병욱,김승수,김형동,류호정,박성준,서정숙,이용호,이태규"
3601,장제원,"강기윤,박대수,박덕흠,백종헌,서정숙,송석준,윤한홍,이주환,지성호,태영호"
3602,김도읍,"구자근,권명호,김태흠,서병수,이채익,이헌승,임이자,조명희,추경호"
3603,배준영,"김병욱,김용판,박덕흠,박성민,서병수,송석준,윤한홍,이용,이주환,전주혜,정찬민"
3604,서범수,"구자근,김희곤,박덕흠,박완수,엄태영,오영환,이채익,전봉민,최형두"
3605,김정재,"김승수,박대출,서병수,서일준,성일종,이주환,이헌승,최연숙,한무경"
3606,소병철,"김승남,김정호,박성준,박재호,서삼석,안호영,오영환,이장섭,임호선,천준호"
3607,김웅,"곽상도,김미애,김희국,박대수,신원식,유경준,윤희숙,전주혜,허은아"
3608,김웅,"곽상도,김미애,김형동,김희국,박대수,신원식,유경준,윤희숙,전주혜,허은아"
3609,김웅,"곽상도,김미애,김희국,박대수,신원식,유경준,윤희숙,전주혜,허은아"
3610,김웅,"곽상도,김미애,김형동,김희국,박대수,신원식,유경준,윤희숙,전주혜,허은아"
3611,김웅,"곽상도,김미애,김희국,박대수,신원식,유경준,윤희숙,전주혜,허은아"
3612,조해진,"김승수,박대수,박대출,서병수,서일준,윤창현,윤한홍,정운천,정진석,조경태,지성호,최형두,허은아,황보승희"
3613,김웅,"곽상도,김미애,김희국,박대수,신원식,유경준,윤희숙,전주혜,허은아"
3614,김웅,"곽상도,김미애,김희국,박대수,신원식,유경준,윤희숙,전주혜,허은아"
3615,김웅,"곽상도,김미애,김희국,박대수,신원식,유경준,윤희숙,전주혜,허은아"
3616,소병철,"김정호,박성준,서삼석,안호영,오영환,이장섭,임호선,장철민,천준호"
3617,인재근,"김정호,김홍걸,서동용,서영교,서영석,소병훈,오영훈,이장섭,조오섭,최종윤"
3618,장제원,"강기윤,박대수,박덕흠,백종헌,서정숙,송석준,윤한홍,이주환,지성호,태영호"
3619,임오경,"고용진,서영교,양기대,오영환,유정주,이병훈,이상헌,정청래,한준호"
3620,임오경,"김홍걸,박정,오영환,유정주,이병훈,이상헌,장철민,최종윤,최혜영"
3621,도종환,"김병욱,김승원,김의겸,박홍근,유정주,이정문,임호선,진성준,홍정민"
3622,강민정,"강득구,김의겸,류호정,양정숙,이수진,이수진,임호선,최강욱,황운하"
3623,서일준,"김성원,김정재,김형동,백종헌,서병수,안병길,양금희,정운천,하영제,한무경"
3624,김영식,"구자근,김병욱,김성원,김승수,김정재,김희국,박성중,서일준,이종성,태영호,한무경"
3625,태영호,"강대식,구자근,권성동,권영세,김병욱,김영식,김정재,김희곤,박성민,박성중,송석준,조경태,한무경,허은아"
3626,신영대,"김윤덕,서삼석,신정훈,안호영,양정숙,위성곤,이개호,이규민,이병훈,전재수,최승재,허영"
3627,강선우,"김성주,변재일,서영교,양이원영,윤미향,윤준병,이수진,이학영,임종성,장혜영,최종윤,허영,홍성국"
3628,홍기원,"강준현,기동민,맹성규,박상혁,윤영찬,이원욱,조응천,허영,홍성국"
3629,장제원,"강기윤,박대수,박덕흠,백종헌,윤한홍,이주환,지성호,태영호,홍문표"
3630,조해진,"김승수,서일준,윤한홍,이채익,정운천,지성호,최형두,허은아,황보승희"
3631,신영대,"고민정,기동민,김교흥,김병기,박찬대,서삼석,유정주,윤준병,전재수,최종윤"
3632,김용판,"강대식,구자근,김예지,박대수,박덕흠,송언석,윤창현,이종성,조명희"
3633,윤미향,"강선우,민형배,설훈,안호영,양이원영,윤준병,이규민,이수진,이용빈,장경태,홍정민"
3634,김수흥,"고용진,김경만,김경협,김성주,김승남,김영진,김진표,김철민,김홍걸,민형배,박덕흠,박성준,안규백,안호영,오영훈,위성곤,윤재갑,윤준병,윤후덕,이개호,이상헌,이수진,정운천,한병도"
3635,오영훈,"고영인,김승남,김홍걸,양정숙,오영환,이규민,이용빈,이해식,조오섭"
3636,김희국,"강기윤,구자근,권성동,김병욱,김석기,김영식,김예지,김용판,김형동,임이자,한무경"
3637,이명수,"구자근,김도읍,김승수,김은혜,성일종,윤한홍,이채익,정동만,최연숙,추경호"
3638,박상혁,"김정호,민형배,박정,심상정,안호영,어기구,이용호,이정문,조오섭,진성준,최인호"
3639,김영식,"구자근,김병욱,김성원,김정재,김희국,박성중,서일준,이종성,태영호,한무경"
3640,배진교,"강은미,김홍걸,류호정,민병덕,심상정,이은주,장혜영,조오섭,허종식"
3641,김남국,"김병욱,박성준,박찬대,소병훈,송옥주,안민석,오영환,이규민,이수진,이수진,이형석,홍정민"
3642,이명수,"구자근,김도읍,김병욱,김승수,김은혜,김태흠,성일종,이채익,최연숙,추경호,홍문표"
3643,송기헌,"김민기,박재호,백혜련,소병철,송재호,이광재,이성만,인재근,전재수,황운하"
3644,최종윤,"강선우,김승남,김진표,남인순,신영대,양경숙,이규민,인재근,조오섭,허종식"
3645,최종윤,"강선우,김승남,김진표,남인순,신영대,이규민,인재근,조오섭,허종식"
3646,김남국,"김병욱,박성준,박찬대,소병훈,송옥주,안민석,오영환,이규민,이수진,이수진,이형석,홍정민"
3647,안민석,"김의겸,김정호,도종환,문진석,박성준,백혜련,이성만,전혜숙,한준호"
3648,도종환,"김민철,김승원,김의겸,김정호,김철민,박정,안민석,유정주,윤준병,이광재,이병훈,이상헌,인재근,임오경,조승래"
3649,한병도,"강민정,김민철,김성주,김승원,서영교,오영환,윤준병,이용빈,정운천"
3650,권인숙,"강득구,김철민,남인순,서동용,소병철,심상정,안호영,유기홍,유정주,윤미향,윤준병,이수진,장경태"
3651,조명희,"강대식,권명호,권영세,김병욱,김선교,김승수,김용판,김철민,박대수,박대출,박덕흠,배현진,서병수,서일준,서정숙,신원식,엄태영,유상범,윤창현,이양수,이주환,정경희,황보승희"
3652,홍익표,"김민기,문진석,민형배,송재호,윤영찬,이원욱,임종성,임호선,정필모,한준호,홍성국"
3653,민형배,"김남국,김승원,김용민,민병덕,박영순,송갑석,유정주,윤영덕,이병훈,이수진,이용빈,장경태,조오섭,최강욱,홍정민,황운하"
3654,성일종,"김미애,김선교,박성민,이명수,이종배,이채익,정운천,조명희,허종식"
3655,태영호,"강대식,김도읍,김병욱,김상훈,김석기,김희곤,박완수,유경준,이채익"
3656,진성준,"강병원,김원이,김정호,민병덕,민형배,박상혁,소병훈,우원식,위성곤,윤준병,이규민,이동주,이학영,이해식,천준호,허영"
3657,최승재,"강대식,권명호,김은혜,박덕흠,박형수,배준영,신원식,양금희,이철규,한무경"
3658,노웅래,"김민철,송옥주,양기대,이병훈,이수진,이용우,이해식,임종성,임호선,장경태,한준호,홍성국"
3659,노웅래,"김민철,송옥주,양기대,용혜인,이병훈,이수진,이용우,이해식,임종성,임호선,장경태,한준호,홍성국"
3660,소병철,"권인숙,김병기,김정호,민병덕,박성준,백혜련,오영환,임호선,진성준"
3661,소병철,"권인숙,김병기,김정호,민병덕,박성준,백혜련,오영환,임호선,진성준"
3662,황운하,"강민정,김홍걸,양정숙,오영환,유동수,이규민,이성만,이용우,이용호"
3663,이병훈,"김민철,김정호,김철민,도종환,송재호,오영환,전재수,정청래,홍성국"
3664,김교흥,"강득구,강준현,김수흥,문정복,박상혁,윤관석,윤준병,이성만,조응천"
3665,김용민,"김승원,문정복,민병덕,민형배,윤영덕,이규민,이수진,장경태,최강욱,최혜영,한준호,황운하"
3666,이종성,"강기윤,강민국,김용판,김태호,김형동,박대수,박대출,백종헌,윤한홍,이명수,임이자,조명희,지성호,최형두"
3667,하영제,"권성동,김선교,김용판,박성민,박완수,백종헌,서일준,임이자,정점식,한무경"
3668,양정숙,"고영인,김성주,김홍걸,소병훈,심상정,안호영,윤준병,이규민,조오섭"
3669,양정숙,"김성주,소병훈,심상정,안호영,위성곤,윤재갑,윤준병,이규민,조오섭"
3670,김승남,"기동민,김영배,박성준,송재호,신정훈,유정주,윤재갑,윤준병,이개호,이수진"
3671,박완주,"기동민,김민철,김영진,변재일,신정훈,이상헌,인재근,전용기,최혜영"
3672,송재호,"김민기,김민철,김영배,김한정,노웅래,우원식,윤준병,이광재,이성만,이수진,이형석,한준호"
3673,심상정,"강민정,강은미,권인숙,류호정,배진교,양정숙,이수진,이은주,장혜영"
3674,조오섭,"강은미,김성주,김원이,민형배,송갑석,신정훈,윤영덕,윤재갑,이병훈,이용빈,이형석,인재근,주철현"
3675,윤준병,"민형배,송옥주,안호영,양이원영,오영환,이수진,이용우,임종성,정일영"
3676,윤준병,"민형배,송옥주,안호영,양이원영,오영환,이수진,이용우,임종성,정일영"
3677,윤준병,"민형배,송옥주,안호영,양이원영,오영환,이수진,이용우,임종성,정일영"
3678,강병원,"기동민,김한정,유동수,이광재,이수진,이수진,진성준,허종식,홍성국"
3679,정경희,"강대식,강민국,권명호,권영세,김도읍,김미애,김상훈,김석기,김선교,김성원,김영식,김예지,박대수,박대출,박성민,박진,배준영,배현진,백종헌,서범수,서병수,서일준,서정숙,성일종,송석준,양금희,엄태영,유상범,윤두현,윤재옥,윤창현,윤희숙,이달곤,이만희,이명수,이양수,이영,이종성,이철규,이헌승,전주혜,정찬민,조명희,조수진,조태용,최승재,최춘식,최형두,하영제,한무경,홍석준,황보승희"
3680,정경희,"강대식,강민국,권명호,권영세,김도읍,김미애,김상훈,김석기,김선교,김성원,김영식,김예지,박대수,박대출,박성민,박진,배준영,배현진,백종헌,서범수,서병수,서일준,서정숙,성일종,송석준,양금희,엄태영,유상범,윤두현,윤재옥,윤창현,윤희숙,이달곤,이만희,이명수,이양수,이영,이종성,이철규,이헌승,전주혜,정찬민,조명희,조수진,조태용,최승재,최춘식,최형두,하영제,한무경,홍석준,황보승희"
3681,이종성,"강기윤,강민국,김태호,김형동,박대수,박대출,백종헌,윤한홍,이명수,임이자,조명희,지성호,최형두"
3682,김상훈,"곽상도,김승수,김예지,박대출,박진,이채익,조수진,지성호,태영호"
3683,이용호,"구자근,김수흥,민병덕,박상혁,양정숙,이상헌,정성호,한병도,황운하"
3684,장혜영,"강민정,강은미,류호정,배진교,심상정,이상민,이소영,이수진,이은주"
3685,장혜영,"강민정,강은미,류호정,배진교,심상정,이상민,이소영,이수진,이은주"
3686,장혜영,"강민정,강은미,류호정,배진교,심상정,이상민,이소영,이수진,이은주"
3687,장혜영,"강민정,강은미,류호정,배진교,심상정,양경숙,이상민,이소영,이수진,이은주"
3688,조승래,"강병원,강선우,김철민,윤영찬,이규민,이용빈,이원욱,임오경,정태호,한준호"
3689,서일준,"구자근,권영세,김병욱,김석기,김성원,김용판,김정재,김태흠,김형동,서병수,양금희,유경준,윤한홍,이영,이종성,이채익,지성호,하영제,한무경,허은아,홍문표"
3690,김예지,"구자근,김선교,류성걸,서병수,양금희,이용호,이채익,추경호,홍석준"
3691,김경만,"김남국,김병주,김정호,양정숙,이규민,이용빈,이용선,진성준,홍정민,황운하"
3692,황운하,"강민정,문정복,민형배,박영순,박홍근,오영환,이규민,이용호,이정문,장철민"
3693,고영인,"김경협,김민철,김승남,박광온,오영훈,이용빈,이장섭,인재근,최인호,최종윤"
3694,이용빈,"강훈식,김홍걸,문진석,민병덕,백혜련,변재일,서영석,양정숙,유정주,윤준병,이형석,장경태,전혜숙,조승래,조오섭,한병도,한준호"
3695,김의겸,"강민정,김승원,김종민,김홍걸,민형배,서동용,장경태,정필모,최강욱"
3696,남인순,"강선우,박성준,박홍근,송재호,양경숙,이성만,정춘숙,최혜영,허종식"
3697,권은희,"김병욱,성일종,양금희,윤창현,이태규,지성호,최연숙,최춘식,홍준표"
3698,권은희,"김병욱,성일종,양금희,윤창현,이태규,지성호,최연숙,최춘식,홍준표"
3699,윤한홍,"강민국,권성동,김도읍,김태흠,서병수,서일준,양금희,유경준,유상범,윤창현,이종성,이태규,전주혜,지성호,태영호,한무경,황보승희"
3700,양정숙,"김종민,김홍걸,서영교,안호영,윤재갑,윤준병,이상헌,이용빈,조오섭"
3701,김영식,"강대식,권명호,김도읍,김선교,김용판,김정재,박대수,박성민,이양수,이영,이주환,전주혜,최승재,하영제"
3702,양정숙,"김수흥,김종민,안호영,위성곤,윤재갑,윤준병,이상헌,이용빈,조오섭"
3703,김도읍,"권명호,김태흠,서병수,이명수,이채익,이헌승,임이자,전주혜,조수진,추경호"
3704,김영식,"강대식,권명호,김도읍,김선교,김용판,김정재,박대수,박성민,이양수,이영,이주환,전주혜,최승재,하영제"
3705,김영식,"강대식,권명호,김도읍,김선교,김용판,김정재,박대수,박성민,이양수,이영,이주환,전주혜,최승재,하영제"
3706,김영식,"강대식,권명호,김도읍,김선교,김용판,김정재,박대수,박성민,이양수,이영,이주환,전주혜,최승재,하영제"
3707,김영식,"강대식,권명호,김도읍,김선교,김용판,김정재,박대수,박성민,이양수,이영,이주환,전주혜,최승재,하영제"
3708,김영식,"강대식,권명호,김도읍,김선교,김용판,김정재,박대수,박성민,이양수,이영,이주환,전주혜,최승재,하영제"
3709,김영식,"강대식,권명호,김도읍,김선교,김용판,김정재,박대수,박성민,이양수,이영,이주환,전주혜,최승재,하영제"
3710,김영식,"강대식,권명호,김도읍,김선교,김용판,김정재,박대수,박성민,이양수,이영,이주환,전주혜,최승재,하영제"
3711,김영식,"강대식,권명호,김도읍,김선교,김용판,김정재,박대수,박성민,이양수,이영,이주환,전주혜,최승재,하영제"
3712,김영식,"강대식,김선교,김용판,김정재,박대수,박성민,이주환,최승재,하영제"
3713,김영식,"강대식,권명호,김도읍,김선교,김용판,김정재,박대수,박성민,이양수,이영,이주환,전주혜,최승재,하영제"
3714,김영식,"강대식,권명호,김도읍,김선교,김용판,김정재,박대수,박성민,이양수,이영,이주환,전주혜,최승재,하영제"
3715,김영식,"강대식,권명호,김도읍,김선교,김용판,김정재,박대수,박성민,이양수,이영,이주환,전주혜,최승재,하영제"
3716,김영식,"강대식,권명호,김도읍,김선교,김용판,김정재,박대수,박성민,이양수,이영,이주환,전주혜,최승재,하영제"
3717,김영식,"강대식,권명호,김도읍,김선교,김용판,김정재,박대수,박성민,이양수,이영,이주환,전주혜,최승재,하영제"
3718,김홍걸,"김경만,김교흥,김민철,김수흥,양기대,오영환,이규민,이학영,한준호"
3719,변재일,"강훈식,권인숙,권칠승,도종환,서영석,양경숙,이장섭,이정문,인재근,임호선,장철민,정정순"
3720,황보승희,"김희곤,박대수,박성중,박수영,백종헌,서범수,성일종,송언석,신원식,양정숙,유경준,이달곤,이만희,이주환,전봉민,정동만,정희용,조명희,조수진"
3721,김예지,"김석기,김선교,김승수,김용판,김웅,이용,이용호,이종배,장제원,홍석준"
3722,변재일,"강훈식,권인숙,권칠승,도종환,서영석,신동근,이장섭,이정문,인재근,임호선,장철민,정정순"
3723,변재일,"강훈식,권인숙,권칠승,도종환,신동근,양경숙,이장섭,이정문,인재근,임호선,장철민,정정순"
3724,변재일,"강훈식,권인숙,권칠승,도종환,신동근,양경숙,이장섭,이정문,인재근,임호선,장철민,정정순"
3725,이종성,"김예지,김태호,김형동,박대수,서일준,이종배,임이자,정운천,정찬민"
3726,황보승희,"구자근,김병욱,박대수,백종헌,유경준,이영,이주환,이태규,정운천"
3727,황보승희,"구자근,김병욱,박대수,백종헌,유경준,이영,이주환,이태규,정운천"
3728,황보승희,"김희곤,박대수,박성중,박수영,백종헌,서범수,성일종,송언석,신원식,유경준,이달곤,이만희,이주환,전봉민,정동만,정희용,조명희,조수진"
3729,김병욱,"곽상도,권은희,서병수,신원식,양경숙,윤주경,장제원,정진석,조수진"
3730,권인숙,"고영인,김정호,용혜인,유동수,유정주,이수진,이수진,이용우,장경태"
3731,변재일,"강훈식,권인숙,권칠승,도종환,서영석,양경숙,이장섭,이정문,인재근,임호선,장철민,정정순"
3732,정청래,"김민철,김영배,박성준,송갑석,오영환,윤건영,임오경,장경태,최혜영"
3733,류성걸,"강대식,김병욱,김예지,김은혜,박대수,박덕흠,이채익,정운천,주호영"
3734,류성걸,"강대식,김병욱,김예지,김은혜,박대수,박덕흠,이채익,정운천,주호영"
3735,심상정,"강은미,류호정,박상혁,배진교,양경숙,양정숙,이은주,임종성,장혜영,정성호"
3736,김승수,"김영식,서일준,이달곤,이영,이종성,이채익,이헌승,주호영,최형두,한무경"
3737,강득구,"강민정,김민기,맹성규,박찬대,윤건영,윤영덕,이동주,이용빈,정청래"
3738,이용호,"구자근,김수흥,김예지,민병덕,박상혁,양정숙,이상헌,최인호,황운하"
3739,강준현,"강선우,김승원,남인순,박성준,송재호,안규백,유정주,이용호,최기상,홍성국"
3740,문정복,"김영진,민병덕,민형배,소병훈,이규민,이동주,이수진,임종성,정성호"
3741,김윤덕,"김경만,김수흥,김홍걸,문진석,박찬대,신정훈,양기대,유동수,이용우"
3742,백혜련,"강훈식,김승원,박성준,서영교,오영환,윤관석,이동주,이성만,이은주"
3743,송석준,"김선교,김성원,문정복,배준영,소병훈,임종성,정찬민,최춘식,태영호"
3744,백혜련,"강훈식,김승원,박성준,서영교,오영환,윤관석,이동주,이성만,이은주"
3745,김철민,"김주영,박광온,박영순,서동용,설훈,양기대,어기구,오영환,오영훈,윤영찬,이개호,이장섭,임호선,전혜숙,정태호,최인호,허영,허종식,홍기원,홍성국,홍익표"
3746,문정복,"김영진,민병덕,민형배,소병훈,이규민,이동주,이수진,임종성,정성호"
3747,박완수,"구자근,권영세,김용판,김태호,서범수,이명수,조경태,최춘식,최형두"
3748,박완수,"구자근,권영세,김용판,김태호,서범수,조경태,최춘식,최형두,홍석준"
3749,이성만,"강훈식,권인숙,박정,송갑석,송영길,송옥주,신정훈,유동수,이수진"
3750,민형배,"김병욱,김승원,김철민,김홍걸,문정복,민병덕,박상혁,백혜련,송갑석,신정훈,이규민,조오섭"
3751,고영인,"김상희,박광온,소병훈,윤미향,이용빈,이장섭,전용기,조승래,최인호"
3752,한무경,"권명호,김정재,서일준,윤한홍,이영,이용,이종배,이주환,이채익,이철규,정진석,태영호"
3753,배준영,"김병욱,김용판,박성민,송석준,엄태영,이용,이주환,전주혜,정경희,정찬민"
3754,김미애,"김승수,김웅,김정재,박덕흠,박진,이종배,최승재,최춘식,태영호,홍석준"
3755,장제원,"구자근,김승수,백종헌,안병길,이명수,이채익,이헌승,지성호,태영호,한기호"
3756,장제원,"구자근,권영세,김승수,류성걸,백종헌,안병길,이명수,이채익,이헌승,지성호,태영호"
3757,박대수,"김선교,김성원,김정재,김희곤,박덕흠,박성민,엄태영,이종배,지성호"
3758,심상정,"강은미,류호정,배진교,양정숙,오영환,이용우,이은주,임종성,장혜영,정성호"
3759,조응천,"김병욱,박상혁,송옥주,오영환,위성곤,유기홍,이학영,최기상,홍기원"
3760,한병도,"강민정,권인숙,김민철,김성주,김수흥,김승원,서영교,오영환,이용호,이형석"
3761,소병훈,"고영인,맹성규,신정훈,안규백,양정숙,오영환,윤관석,이병훈,최종윤"
3762,안호영,"강득구,권인숙,김교흥,송옥주,윤준병,이수진,이원욱,장철민,홍익표"
3763,김경만,"강선우,김수흥,김영배,김홍걸,문진석,민형배,양기대,이규민,홍기원,홍성국,황운하"
3764,신영대,"기동민,김교흥,박찬대,서삼석,유정주,이학영,전재수,천준호,최종윤"
3765,홍성국,"강선우,김경만,김성주,노웅래,문정복,민병덕,민형배,서영석,양기대,윤건영,이개호,이병훈,이원욱,이장섭,임호선,전용기,정필모,한준호,허영,홍익표"
3766,윤준병,"강득구,김병기,김수흥,송재호,양정숙,위성곤,이수진,임종성,전재수,최종윤"
3767,송재호,"강준현,김민철,김승남,남인순,류호정,박성준,백혜련,이광재,한준호"
3768,백혜련,"김병욱,남인순,박성준,서영교,소병훈,오영환,이수진,이은주,이형석"
3769,윤영석,"강기윤,구자근,권성동,박대수,박덕흠,유경준,윤창현,이종배,이철규,최형두"
3770,소병훈,"고영인,김승남,류호정,맹성규,박성준,양정숙,유정주,이성만,이형석"
3771,홍석준,"김예지,김용판,김웅,김태호,김형동,류성걸,배현진,임이자,조경태,하영제"
3772,장경태,"김의겸,민형배,양이원영,오영환,윤미향,이원택,장철민,전용기,정춘숙"
3773,장경태,"김영호,민형배,신동근,양이원영,오영환,유정주,윤미향,이용빈,장철민,전용기,정춘숙"
3774,유동수,"김병욱,김수흥,김승남,김영진,김진표,김철민,김한정,박완주,박정,박찬대,백혜련,송갑석,송영길,송재호,양경숙,양향자,윤관석,이개호,이상헌,이성만,정일영,허종식"
3775,정찬민,"송석준,양금희,엄태영,유의동,윤창현,이종성,이주환,지성호,태영호,한무경,허은아"
3776,김용민,"김남국,김승원,김진표,민형배,위성곤,유정주,이규민,장경태,최강욱,최혜영,황운하"
3777,이병훈,"문정복,송갑석,양향자,윤영덕,이성만,이형석,전재수,조오섭,홍성국"
3778,이병훈,"김승원,서영교,양향자,오영환,이성만,전재수,정청래,주철현,홍성국"
3779,박대수,"구자근,김선교,김정재,김태호,서병수,엄태영,이종성,이채익,임이자,지성호,허은아,황보승희"
3780,김진표,"김병기,김병주,김수흥,박광온,박성준,박찬대,신정훈,이낙연,장철민,천준호,최종윤,홍영표"
3781,정점식,"김용판,박대출,박덕흠,성일종,유경준,이용,임이자,조수진,지성호"
3782,한병도,"강민정,권인숙,김민철,김수흥,김승원,서영교,오영환,이용호,이형석"
3783,노웅래,"김남국,김윤덕,민병덕,박성준,서영석,안호영,이학영,임종성,홍정민"
3784,이용호,"김민철,김수흥,김예지,민병덕,박상혁,양정숙,이상헌,최인호,한병도,황운하"
3785,강준현,"강선우,김민기,김병기,맹성규,백혜련,안규백,이성만,이형석,정청래,홍성국"
3786,장철민,"강민정,김민철,김진표,소병철,안호영,오영환,임오경,장경태,정청래"
3787,심상정,"강은미,김정호,류호정,박상혁,배진교,양정숙,이수진,이은주,장혜영"
3788,이원욱,"강득구,고영인,김민석,김영주,김철민,안호영,유기홍,윤영찬,이규민,이용빈,한준호"
3789,서병수,"김기현,김예지,김태호,김태흠,류성걸,박수영,배준영,양금희,유경준,윤두현,윤주경,이영,이주환,장혜영,전주혜,정동만,조수진"
3790,장철민,"강민정,강훈식,김민철,김진표,안호영,오영환,이상헌,임오경,정청래"
3791,송재호,"김민철,김병욱,노웅래,윤준병,이상헌,이성만,이수진,이용우,이형석"
3792,이성만,"김승남,남인순,문정복,박성준,송옥주,신정훈,유정주,윤관석,이규민,이수진,이수진,이학영,정청래,허종식,황운하"
3793,윤준병,"김병기,김성주,김영배,문진석,안호영,오영환,위성곤,이수진,전재수"
3794,심상정,"강은미,김정호,류호정,박상혁,배진교,양정숙,이수진,이은주,장혜영"
3795,김교흥,"강준현,강훈식,고용진,문정복,박영순,윤관석,이성만,장경태,정일영,허종식"
3796,기동민,"강병원,강훈식,김민기,김원이,도종환,오영환,이정문,임종성,한준호"
3797,전재수,"고영인,김정호,민홍철,신영대,양경숙,유정주,이규민,이병훈,이장섭,전용기"
3798,기동민,"강병원,강훈식,김민기,김원이,도종환,오영환,이정문,임종성,한준호"
3799,기동민,"강병원,강훈식,김민기,김원이,도종환,오영환,이정문,임종성,한준호"
3800,서병수,"김기현,김예지,김태호,김태흠,류성걸,박수영,배준영,양금희,유경준,윤두현,윤주경,이영,이주환,장혜영,전주혜,정동만,조수진"
3801,기동민,"강병원,강훈식,김민기,김원이,도종환,오영환,이정문,임종성,한준호"
3802,기동민,"강병원,강훈식,김민기,김원이,도종환,오영환,이정문,임종성,한준호"
3803,기동민,"강병원,강훈식,김민기,김원이,도종환,오영환,이정문,임종성,한준호"
3804,기동민,"강병원,강훈식,김민기,김원이,도종환,오영환,이정문,임종성,한준호"
3805,기동민,"강병원,강훈식,김민기,김원이,도종환,오영환,이정문,임종성,한준호"
3806,기동민,"강병원,강훈식,김민기,김원이,도종환,오영환,이정문,임종성,한준호"
3807,기동민,"강병원,강훈식,김민기,김원이,도종환,오영환,이정문,임종성,한준호"
3808,남인순,"강선우,김민석,김승남,박성준,박홍근,소병훈,이성만,정춘숙,최종윤,최혜영,홍성국"
3809,남인순,"강선우,김민석,김승남,박성준,박홍근,소병훈,이성만,정춘숙,최종윤,최혜영,홍성국"
3810,홍기원,"김영배,김진표,민형배,우원식,위성곤,이규민,이수진,이용우,임호선,정정순,정필모,허영,홍성국"
3811,안민석,"김승남,김의겸,류호정,문진석,송갑석,양경숙,윤관석,이상민,정성호,조오섭"
3812,구자근,"곽상도,권명호,김도읍,김석기,김선교,김영식,김예지,박성민,서병수,조수진,태영호"
3813,강득구,"고영인,김민석,박성준,송갑석,어기구,윤준병,이규민,이성만,이수진"
3814,홍기원,"김영배,김진표,민형배,우원식,위성곤,이규민,이수진,이용우,임호선,정정순,정필모,허영,홍성국"
3815,조오섭,"강은미,문진석,민형배,송갑석,윤영덕,이용빈,이형석,인재근,주철현"
3816,박대출,"권명호,김미애,김병욱,김상훈,김선교,김승수,김영식,김웅,김은혜,김정재,박진,백종헌,서일준,송석준,신원식,안병길,양금희,윤두현,윤재옥,윤주경,윤창현,윤희숙,이달곤,이명수,이양수,이용,이종성,이주환,이채익,이헌승,전주혜,정진석,정찬민,정희용,조명희,지성호,최승재,최춘식,추경호,태영호,허은아,황보승희"
3817,김홍걸,"김경만,서동용,안민석,양정숙,오영환,이용선,이학영,한준호,홍정민"
3818,정동만,"권성동,박대수,박덕흠,백종헌,유경준,이명수,이용,이주환,전봉민"
3819,오영훈,"김승남,김의겸,김회재,남인순,서영교,양정숙,이규민,정청래,조오섭"
3820,허은아,"권영세,김병욱,김승수,김웅,류호정,성일종,신원식,하태경,한무경,황보승희"
3821,엄태영,"권명호,김태호,김희곤,박대수,박덕흠,박성민,임이자,정찬민,홍문표"
3822,이종배,"김선교,김성원,김승수,김태호,김형동,박덕흠,박완수,성일종,송석준,이종성,추경호"
3823,이재정,"강득구,강민정,김남국,김병욱,남인순,민병덕,박성준,오영환,이형석"
3824,이재정,"강득구,김남국,김민철,김병욱,민병덕,오영환,이소영,이형석,장경태"
3825,백혜련,"김남국,김병욱,김승원,김윤덕,김홍걸,문정복,민병덕,민형배,박성준,서영석,소병훈,양이원영,오영환,윤후덕,이학영,이해식,임종성,전용기,정성호,정정순,주철현,한준호,홍정민"
3826,박홍근,"기동민,김원이,남인순,민병덕,박성준,양향자,윤미향,정춘숙,조오섭"
3827,조경태,"강대식,곽상도,윤두현,윤재갑,이종배,이채익,정동만,조수진,홍준표"
3828,박홍근,"기동민,김민석,김원이,남인순,민병덕,박성준,양향자,윤미향,정춘숙,조오섭,최혜영"
3829,박홍근,"기동민,김원이,남인순,민병덕,박성준,양향자,윤미향,정춘숙,조오섭,홍익표"
3830,변재일,"고용진,윤영찬,이용빈,이장섭,이정문,임호선,조승래,한준호,홍성국,홍익표"
3831,한병도,"강선우,강준현,김민석,김민철,김병주,김성주,김성환,김승원,도종환,신현영,유정주,윤호중,이수진,이수진,이학영,이형석,한준호,허영,홍기원"
3832,전용기,"고용진,김병욱,김정호,노웅래,신정훈,이규민,이원욱,임종성,전재수,조정식,허영,홍성국"
3833,전용기,"고용진,김병욱,김정호,노웅래,신정훈,이규민,이원욱,임종성,허영,홍성국"
3834,서범수,"구자근,권성동,김희곤,박덕흠,박성민,엄태영,윤주경,전봉민,정운천"
3835,하영제,"김승수,김용판,김형동,박대출,박덕흠,서일준,윤두현,이주환,한무경"
3836,위성곤,"맹성규,서삼석,신영대,윤재갑,윤준병,이원욱,이해식,최인호,허영"
3837,김예지,"강기윤,강대식,김미애,김병욱,김상훈,김석기,김선교,김승수,김영식,김웅,박대출,박성민,박수영,박형수,백종헌,서범수,서일준,송석준,송언석,신원식,양금희,오영환,유상범,윤두현,윤희숙,이달곤,이만희,이명수,이양수,이영,이용,이종성,이채익,정찬민,조명희,조수진,조태용,최춘식,추경호,한기호,황보승희"
3838,조응천,"김병기,김병욱,박상혁,서삼석,송옥주,오영환,위성곤,이학영,최인호,홍기원"
3839,구자근,"강기윤,권명호,김석기,김선교,김영식,김예지,박성민,윤두현,임이자"
3840,이명수,"김병욱,김예지,김형동,박성중,윤창현,이종성,이해식,인재근,조해진,지성호,최춘식"
3841,김민기,"강득구,강준현,유정주,이용호,이형석,인재근,임호선,정필모,홍익표"
3842,이규민,"김승원,김정호,김홍걸,민형배,송갑석,윤건영,윤준병,이수진,황운하"
3843,양정숙,"안호영,오영훈,위성곤,윤재갑,윤준병,이성만,이용빈,이장섭,조오섭"
3844,박대출,"권명호,김미애,김승수,김영식,김웅,박성민,박진,백종헌,서병수,서일준,신원식,양금희,이명수,이종성,전주혜,정경희,정점식,정찬민,조명희,최형두,하영제"
3845,서일준,"구자근,권영세,김병욱,김석기,김성원,김용판,김정재,김태흠,서병수,유경준,이영,이종성,하영제,한무경"
3846,김병욱,"민형배,박성준,백혜련,서동용,소병훈,양향자,유정주,이용빈,정성호,홍성국"
3847,윤준병,"강득구,김성주,김수흥,김영배,문진석,양정숙,오영환,위성곤,이수진,이용빈,허영"
3848,권칠승,"강득구,김민석,남인순,박재호,박정,서영교,신정훈,양경숙,윤영찬,인재근,전재수"
3849,백혜련,"김남국,김병욱,김승원,김윤덕,김홍걸,문정복,민병덕,민형배,박성준,서영석,소병훈,양이원영,오영환,윤후덕,이학영,이해식,임종성,전용기,정성호,정정순,주철현,한준호,홍정민"
3850,박대출,"강대식,권명호,김미애,김승수,김영식,김웅,박성민,박진,백종헌,서병수,서일준,신원식,양금희,이명수,이종성,전주혜,정경희,정점식,정찬민,조명희,최형두,하영제"
3851,백혜련,"김남국,김병욱,김승원,김윤덕,김홍걸,문정복,민병덕,민형배,박성준,서영석,소병훈,양이원영,오영환,윤후덕,이학영,이해식,임종성,전용기,정성호,정정순,주철현,한준호,홍정민"
3852,백혜련,"김남국,김병욱,김승원,김윤덕,김홍걸,문정복,민병덕,민형배,박성준,서영석,양이원영,오영환,윤후덕,이학영,이해식,임종성,전용기,정성호,정정순,주철현,한준호,홍정민"
3853,윤준병,"노웅래,안호영,양이원영,오영환,이수진,임종성,정일영,정정순,최종윤"
3854,최혜영,"김남국,김민석,김승남,문정복,박성준,백혜련,서영교,서영석,오영환,유정주,윤관석,이규민,이탄희,조오섭,허종식"
3855,임종성,"강선우,강준현,김주영,민병덕,서영석,송옥주,윤준병,임호선,홍성국"
3856,백혜련,"김남국,김병욱,김승원,김윤덕,김홍걸,문정복,민병덕,민형배,박성준,서영석,소병훈,양이원영,오영환,윤후덕,이학영,이해식,임종성,전용기,정성호,정정순,주철현,한준호,홍정민"
3857,최혜영,"김민석,김승남,백혜련,서영교,서영석,오영환,유정주,윤관석,이규민,조오섭,허종식"
3858,정청래,"강득구,김영주,서삼석,송갑석,안민석,양이원영,오영환,이규민,임오경"
3859,정태호,"강병원,고영인,김교흥,김정호,박상혁,윤건영,이광재,이수진,이정문,장철민,한병도,홍성국"
3860,정청래,"강득구,김영주,송갑석,양이원영,오영환,오영훈,윤재갑,임오경,최혜영"
3861,정청래,"강득구,김승원,박홍근,송갑석,양이원영,오영환,이수진,이장섭,정성호"
3862,천준호,"김윤덕,김정호,김진표,민병덕,박홍근,신동근,양이원영,이규민,홍정민"
3863,김교흥,"고용진,김수흥,김윤덕,김홍걸,문정복,박영순,박찬대,신영대,양정숙,이용선,장경태,정정순,허종식"
3864,천준호,"김윤덕,김정호,김진표,문정복,민병덕,박홍근,신동근,신영대,홍기원"
3865,정청래,"강득구,권인숙,서동용,송갑석,양이원영,오영환,이병훈,이성만,최혜영"
3866,이수진,"강민정,강선우,기동민,김병욱,김영배,문정복,민형배,이규민,이성만,이용우,임오경,임호선,정필모,진성준"
3867,이수진,"강민정,강선우,기동민,김병욱,김영배,문정복,민형배,양기대,윤준병,이규민,이성만,이용우,임오경,임호선,정필모,진성준"
3868,천준호,"김윤덕,김정호,김진표,문정복,문진석,민병덕,박홍근,홍기원,홍정민"
3869,정정순,"김교흥,김승남,송옥주,양정숙,윤재갑,윤준병,이장섭,임호선,정일영"
3870,이병훈,"김민철,김철민,박성준,박정,윤관석,이해식,임오경,임호선,전재수,조오섭"
3871,송석준,"구자근,박덕흠,박형수,배준영,유경준,이개호,이종배,이헌승,장제원"
3872,임호선,"고민정,권칠승,김민기,김민철,김승원,송옥주,오영환,윤건영,윤준병,이용우"
3873,임호선,"고민정,권칠승,김민기,김민철,김승원,송옥주,오영환,윤건영,윤준병,이용우"
3874,류호정,"강은미,김주영,김홍걸,배진교,심상정,이수진,이은주,이탄희,장경태,장혜영,전용기"
3875,홍기원,"김윤덕,박상혁,박영순,오영환,윤건영,윤준병,이용우,임호선,정필모,진성준,천준호"
3876,김정재,"김상훈,김승수,김희국,박대출,서일준,이주환,이헌승,최연숙,한무경"
3877,정필모,"김경만,김민기,김상희,김승원,김정호,김진표,노웅래,민병덕,박광온,박홍근,윤건영,윤영덕,윤준병,이규민,이수진,이수진,이용우,주철현,한준호,허영,홍성국,홍정민"
3878,이수진,"강민정,김수흥,김정호,노웅래,민형배,박정,송옥주,윤미향,윤준병,이규민"
3879,권칠승,"고영인,고용진,박성준,양경숙,이수진,임종성,임호선,정춘숙,홍정민"
3880,정춘숙,"권칠승,김성주,김영진,김윤덕,김정호,남인순,박홍근,윤후덕,이정문,허종식"
3881,류호정,"강은미,김주영,배진교,심상정,용혜인,이수진,이은주,장경태,장혜영,전용기"
3882,김성주,"강선우,강준현,양정숙,윤준병,이정문,임호선,최종윤,한병도,허종식,홍성국"
3883,류호정,"강민정,강은미,김홍걸,배진교,심상정,양정숙,이수진,이은주,장혜영"
3884,류호정,"강민정,강은미,김주영,배진교,심상정,이은주,이탄희,장경태,장혜영"
3885,류호정,"강은미,김주영,배진교,심상정,양금희,용혜인,이수진,이은주,장혜영,최승재"
3886,강준현,"강선우,김민석,김승원,문정복,박성준,소병훈,이성만,최종윤,홍성국"
3887,김승남,"김승원,김원이,민병덕,서삼석,소병철,소병훈,송재호,이개호,이용빈,이형석,최종윤"
3888,유상범,"강대식,권명호,김기현,김도읍,김예지,백종헌,양금희,윤한홍,이주환,한기호"
3889,오영훈,"강득구,강준현,박광온,서영교,송재호,양이원영,양정숙,용혜인,이병훈,이성만"
3890,서삼석,"김승남,김승원,김영진,김철민,맹성규,민형배,박정,양기대,오영환,위성곤,이병훈,이상헌,이성만,전용기,조오섭,조응천"
3891,홍성국,"강선우,강준현,김병욱,김성주,민병덕,민형배,양기대,이개호,이장섭,임종성,정일영,한준호,허영,홍익표"
3892,김진표,"김병기,김수흥,박광온,박성준,박찬대,설훈,신정훈,이낙연,장철민,천준호,홍영표"
3893,이원택,"김경만,김두관,김종민,신정훈,양정숙,이규민,장경태,정성호,한병도"
3894,윤재갑,"김윤덕,문진석,설훈,신정훈,양정숙,어기구,위성곤,이개호,홍문표,홍성국"
3895,백혜련,"강훈식,고영인,류호정,민형배,박성준,송재호,양경숙,우원식,이동주"
3896,정청래,"강득구,김남국,김의겸,소병훈,송갑석,오영환,윤재갑,임오경,최혜영"
3897,김경협,"강준현,기동민,김민기,김병기,김홍걸,노웅래,임호선,조승래,홍기원"
3898,김경협,"강훈식,기동민,김민기,김병기,김정호,노웅래,박성준,유정주,윤건영,윤영찬,이형석,인재근,임호선,조승래,조정식,홍기원"
3899,정춘숙,"강선우,권칠승,김상희,김영진,김윤덕,김정호,박정,박홍근,윤후덕,임종성,허종식"
3900,이원욱,"강득구,김수흥,김철민,위성곤,이용빈,조오섭,한준호,홍성국,홍익표"
3901,이원욱,"강득구,김수흥,김정호,김철민,위성곤,이용빈,한준호,홍성국,홍익표"
3902,서범수,"구자근,권영세,김예지,박대수,윤영석,이양수,이용호,지성호,최형두"
3903,박정,"민형배,양기대,어기구,오영환,유정주,이상헌,이수진,이용우,임오경,최인호,한준호,허영,홍정민"
3904,장경태,"김교흥,김남국,문정복,신동근,유정주,이용빈,조응천,진성준,천준호"
3905,노웅래,"고영인,김주영,송옥주,윤준병,이병훈,임종성,장경태,최인호,한준호"
3906,노웅래,"고영인,김주영,송옥주,이병훈,이수진,임호선,장경태,최인호,한준호"
3907,노웅래,"고용진,김주영,송옥주,윤준병,이병훈,이수진,이용우,임종성,장경태,최인호,한준호"
3908,이장섭,"고용진,김영배,변재일,양정숙,윤영찬,이학영,인재근,임호선,최혜영,홍성국"
3909,노웅래,"고용진,김주영,송옥주,윤준병,이병훈,이수진,이용우,임종성,장경태,최인호,한준호"
3910,윤재갑,"김정호,박영순,양정숙,용혜인,이개호,이동주,이학영,주철현,허종식"
3911,윤재갑,"김정호,박영순,양정숙,용혜인,이개호,이동주,이학영,주철현,허종식"
3912,강준현,"강선우,김민기,김민석,민병덕,박상혁,임호선,최혜영,홍기원,홍성국"
3913,조승래,"김상희,김승수,김철민,유정주,이규민,이병훈,이상헌,이원욱,임오경,조응천,최인호"
3914,신영대,"강훈식,고용진,김교흥,김정호,박찬대,소병훈,유정주,이용우,임호선"
3915,송재호,"강민정,김민철,김영배,박성준,박완주,양정숙,유정주,이상헌,이형석,한정애,홍익표"
3916,태영호,"권영세,김도읍,김상훈,김석기,김희곤,박완수,송언석,윤창현,홍문표,황보승희"
3917,임이자,"권성동,박대수,박덕흠,엄태영,윤두현,이종성,정점식,추경호,하영제,한무경"
3918,임이자,"권성동,박대수,박덕흠,윤두현,이종성,정점식,추경호,하영제,한무경"
3919,이수진,"강민정,김승남,노웅래,민형배,송옥주,송재호,윤미향,윤준병,이규민"
3920,강훈식,"김경협,김교흥,김병기,김윤덕,신영대,이동주,이성만,이용빈,이원욱,이장섭,한병도"
3921,김용민,"고영인,김남국,김두관,김승원,김영배,김원이,김철민,박주민,서동용,유정주,윤미향,이용선,이재정,이정문,이탄희,이형석,최혜영,한준호,홍기원"
3922,김두관,"김남국,김승원,송재호,신정훈,윤영덕,이수진,인재근,진성준,최종윤,황운하"
3923,김두관,"김남국,김승원,송재호,신정훈,윤영덕,이수진,인재근,진성준,최종윤,황운하"
3924,송옥주,"노웅래,박성준,백혜련,윤미향,윤준병,이수진,임종성,전재수,최종윤"
3925,최인호,"고영인,노웅래,송옥주,신동근,이용호,이학영,전재수,전혜숙,조승래"
3926,송옥주,"남인순,노웅래,윤미향,윤준병,이병훈,이수진,이원욱,임종성,전재수"
3927,소병철,"권인숙,김병기,김정호,맹성규,박재호,백혜련,이수진,임호선,장철민"
3928,서동용,"권인숙,김정호,김철민,안민석,유기홍,이동주,인재근,전혜숙,조승래,최혜영"
3929,정춘숙,"강선우,김성주,김영진,김윤덕,김정호,남인순,박홍근,윤후덕,이정문,임종성"
3930,윤준병,"강득구,김병기,김성주,김수흥,김영배,양정숙,위성곤,이수진,이용빈,전재수,허영"
3931,이용호,"강준현,김수흥,민병덕,박영순,양정숙,이용빈,정성호,최인호,한병도,황운하"
3932,이해식,"김민철,김승남,남인순,노웅래,서영석,안규백,오영환,위성곤,윤재갑,이개호,이낙연,인재근,전혜숙,홍익표"
3933,이주환,"권명호,김선교,김성원,김용판,성일종,이명수,정동만,정찬민,홍문표"
3934,민병덕,"김경만,김민기,김승원,서삼석,위성곤,유동수,이병훈,이용우,이용호,인재근,임호선,허종식,홍기원,홍성국"
3935,장제원,"박성민,백종헌,서병수,서정숙,송석준,유상범,윤주경,이철규,정진석,정찬민,최승재"
3936,이해식,"노웅래,서영석,안규백,위성곤,이명수,인재근,임호선,정일영,한병도,홍성국"
3937,이해식,"노웅래,서영석,안규백,위성곤,이명수,인재근,임호선,정일영,진성준,한병도"
3938,이해식,"김철민,민형배,서영석,설훈,소병훈,오영환,위성곤,이용빈,이학영"
3939,안규백,"강준현,김남국,김두관,김승남,남인순,맹성규,문정복,서영교,양이원영,윤관석,이소영,이형석,정필모,조오섭"
3940,정춘숙,"강선우,김민석,김상희,김윤덕,용혜인,윤미향,이수진,최혜영,허종식"
3941,양금희,"강대식,권명호,김기현,김형동,백종헌,서일준,윤영석,윤재옥,윤한홍,이주환,전봉민,지성호,한무경,홍석준"
3942,양금희,"강대식,김상훈,김예지,김용판,김정재,윤두현,이주환,전주혜,지성호"
3943,김용민,"김두관,김승남,김의겸,남인순,류호정,안규백,양정숙,오영환,윤준병,최혜영"
3944,임호선,"김성주,김영배,오영환,오영훈,이수진,이장섭,이해식,정태호,허영"
3945,민형배,"김남국,김병욱,김승원,김영진,김윤덕,김홍걸,문정복,문진석,박성준,박홍근,백혜련,서영석,소병훈,송재호,안민석,양이원영,용혜인,유정주,윤후덕,이규민,이동주,이수진,이형석,임종성,정성호,정필모,조정식,주철현,최혜영,홍정민,황운하"
3946,임호선,"김민철,김성주,김영배,오영환,오영훈,이수진,이장섭,이해식,정태호,허영,홍성국"
3947,임호선,"김민철,김성주,김영배,오영환,오영훈,이수진,이장섭,이해식,정태호,허영,홍성국"
3948,문정복,"김교흥,문진석,박영순,신동근,양기대,오영환,이규민,이수진,진성준,천준호"
3949,민형배,"김병욱,김철민,박영순,이규민,이수진,이정문,임종성,홍성국,홍익표"
3950,임호선,"김민철,김성주,김영배,오영환,이수진,이장섭,이해식,정태호,허영,홍성국"
3951,임호선,"김민철,김성주,김영배,오영환,이수진,이장섭,이해식,정태호,허영,홍성국"
3952,문정복,"김교흥,문진석,박영순,신동근,양기대,오영환,이규민,이수진,진성준,천준호"
3953,문정복,"김교흥,문진석,박영순,송재호,신동근,양기대,오영환,이규민,이수진,진성준,천준호"
3954,김성주,"강준현,김민기,민병덕,송갑석,송재호,이규민,이용빈,이용호,인재근,임호선,정필모,최혜영,허종식,홍성국"
3955,장경태,"김영호,민병덕,민형배,양경숙,오영환,윤준병,이규민,이수진,이원택"
3956,구자근,"곽상도,권명호,김석기,김영식,김예지,박성민,서병수,이영,이채익,조수진"
3957,허영,"김성환,김정호,민병덕,박상혁,박홍근,유동수,윤후덕,이광재,이낙연,전용기,정태호,홍성국"
3958,김선교,"구자근,김석기,김예지,김형동,성일종,이종배,이철규,정운천,정진석"
3959,백혜련,"남인순,박성준,서영교,소병철,소병훈,송옥주,오영환,유정주,윤관석"
3960,양이원영,"강선우,김주영,문정복,설훈,신동근,오영환,우원식,윤준병,이규민,전재수,한준호"
3961,강훈식,"기동민,김교흥,김병기,김윤덕,양기대,이용빈,장철민,홍성국,홍정민"
3962,김병기,"김영배,김진표,도종환,문진석,민홍철,박성준,소병철,신영대,안민석,오영환,윤준병,이정문,조승래,최인호"
3963,문정복,"김교흥,김민철,문진석,박영순,송재호,신동근,양기대,오영환,이수진,진성준,천준호"
3964,문정복,"김교흥,김상희,김주영,문진석,박영순,송재호,신동근,양기대,오영환,이규민,이수진,진성준,천준호"
3965,이헌승,"김도읍,김정재,김희곤,박성민,백종헌,송석준,이용호,이주환,임이자,하영제"
3966,송석준,"박덕흠,배준영,유경준,유상범,윤창현,이종배,정찬민,태영호,허은아"
3967,송석준,"박덕흠,배준영,유경준,유상범,윤창현,이종배,정찬민,태영호,허은아"
3968,송석준,"구자근,김희곤,박덕흠,배준영,유경준,유상범,윤창현,이종배,임이자,정경희,정찬민,태영호,허은아"
3969,한기호,"김석기,김성원,박대수,백종헌,유의동,윤창현,이채익,이철규,정운천,추경호,태영호"
3970,이종성,"김영식,김예지,김용판,김태호,윤희숙,이영,이종배,임이자,정운천,조명희"
3971,권인숙,"김철민,박찬대,서동용,서영석,소병철,심상정,유정주,윤영덕,이규민,이성만,한병도"
3972,권인숙,"김철민,박찬대,서동용,서영석,소병철,심상정,유정주,윤영덕,이규민,이성만,한병도"
3973,강병원,"강민정,강선우,김두관,김민석,김정호,설훈,용혜인,이수진,허종식"
3974,김철민,"고영인,권인숙,김민철,민형배,박상혁,서동용,안민석,유동수,이병훈,이원욱,이정문"
3975,송기헌,"김남국,김종민,박성준,백혜련,소병철,송옥주,이광재,전재수,정일영"
3976,허영,"김정호,노웅래,민병덕,박상혁,박홍근,송재호,윤후덕,이낙연,임호선,전용기,홍성국"
3977,류성걸,"권명호,권성동,김예지,안병길,유경준,윤상현,윤희숙,이명수,이용,주호영"
3978,류성걸,"권명호,권성동,김예지,안병길,유경준,윤상현,윤희숙,이명수,이용,주호영"
3979,정찬민,"김희곤,박대수,송석준,엄태영,윤창현,지성호,태영호,한무경,허은아"
3980,류성걸,"권명호,권성동,김예지,안병길,유경준,윤상현,윤희숙,이명수,이용,주호영"
3981,인재근,"고영인,김민기,김영배,김홍걸,박홍근,서동용,소병훈,송갑석,양경숙,양이원영,조오섭,최종윤"
3982,위성곤,"맹성규,박재호,신동근,신정훈,윤재갑,윤준병,이용빈,최인호,허영"
3983,이성만,"강득구,류호정,송옥주,신정훈,윤관석,이규민,이학영,허종식,황운하"
3984,김민기,"강준현,김성주,민병덕,송재호,이형석,인재근,임호선,정필모,허종식"
3985,박진,"강대식,권명호,김도읍,김미애,김상훈,김석기,김선교,김예지,김웅,박수영,백종헌,서범수,서일준,송언석,신원식,양금희,엄태영,유상범,이만희,이명수,이양수,이용,이종성,정경희,정진석,정희용,조명희,조수진,지성호,최승재,태영호,한무경"
3986,김도읍,"구자근,권명호,김태흠,박성민,서병수,이용,이헌승,전봉민,정운천,조수진"
3987,이정문,"김병기,김병욱,김철민,도종환,문진석,민형배,서영석,송갑석,신동근,안민석,이형석,임호선,황운하"
3988,김민석,"강득구,고영인,박성준,이상헌,이용빈,이원욱,이장섭,진성준,최혜영,홍정민"
3989,김선교,"김석기,김예지,김형동,박대수,이만희,이철규,정운천,태영호,하영제"
3990,류호정,"강은미,김주영,민병덕,배진교,심상정,용혜인,이동주,이수진,이은주,장혜영,최승재"
3991,한기호,"김상훈,김성원,김태호,박대수,서병수,서정숙,정경희,정진석,조태용,추경호,태영호,홍준표"
3992,홍성국,"강득구,강준현,김용민,민형배,이용우,임호선,정일영,정필모,허영,홍기원"
3993,조오섭,"문진석,민형배,송갑석,양향자,윤영덕,이병훈,이용빈,이학영,주철현,최종윤"
3994,전용기,"고영인,김승원,도종환,류호정,신정훈,이병훈,이상헌,이원욱,장경태,허영,홍정민"
3995,조오섭,"문진석,민형배,소병훈,송갑석,양향자,윤영덕,이용빈,이학영,최종윤"
3996,한병도,"고민정,김석기,김승원,김영주,김영호,박진,윤건영,이상민,이용선,이재정,조태용,지성호"
3997,김성원,"김용판,김정재,박대수,박덕흠,서일준,성일종,이양수,이용,이종배,이주환"
3998,양기대,"김경만,김홍걸,노웅래,박정,서영교,안규백,이형석,임오경,전혜숙"
3999,윤상현,"구자근,김병욱,김석기,김희국,류성걸,박대수,박성민,서범수,양금희,이주환,이헌승,전봉민,정동만,한무경,홍석준"
4000,신동근,"강병원,고용진,김주영,박상혁,박홍근,위성곤,이상헌,이수진,장경태,홍정민"
4001,김성원,"김용판,김정재,박대수,박덕흠,서일준,성일종,이양수,이용,이종배,이주환"
4002,신원식,"권명호,김기현,김병욱,김석기,김선교,김승수,박덕흠,박진,배준영,안병길,윤두현,이양수,정찬민,조수진,최승재"
4003,조오섭,"문진석,민형배,소병훈,송갑석,양향자,윤영덕,이용빈,이학영,주철현,최종윤"
4004,김성원,"김용판,김정재,박대수,박덕흠,서일준,성일종,이양수,이용,이종배,이주환"
4005,김성원,"김용판,김정재,박대수,박덕흠,서일준,성일종,이양수,이용,이종배,이주환"
4006,이상헌,"김정호,김진표,박정,송재호,신동근,양정숙,유동수,유정주,이용빈,이용호,이해식,임오경,전용기,조응천,한병도,홍정민"
4007,김성원,"김용판,김정재,박대수,박덕흠,서일준,성일종,이양수,이용,이종배,이주환"
4008,김성원,"김용판,김정재,박대수,박덕흠,서일준,성일종,이양수,이용,이종배,이주환"
4009,김민석,"강득구,강준현,오영환,이상헌,이원욱,이장섭,최기상,허종식,홍정민"
4010,김민석,"강득구,강준현,오영환,이상헌,이원욱,이장섭,최기상,허종식,홍정민"
4011,이상헌,"김정호,김진표,박정,송재호,신동근,양정숙,유동수,유정주,이용빈,이용호,이해식,임오경,전용기,조응천,한병도,홍정민"
4012,박홍근,"기동민,김원이,민병덕,박성준,양기대,양향자,정춘숙,조오섭,홍익표"
4013,전봉민,"김도읍,김희곤,백종헌,서범수,서일준,안병길,양금희,정동만,황보승희"
4014,김성원,"김용판,김정재,박대수,박덕흠,서일준,성일종,이양수,이용,이종배,이주환"
4015,배진교,"강은미,김홍걸,류호정,심상정,이동주,이수진,이은주,장혜영,허종식"
4016,박대출,"강민국,권명호,김석기,김성원,김영식,박성민,성일종,이종성,이주환"
4017,김상훈,"곽상도,김승수,김예지,김정재,김형동,박대출,전주혜,정진석,조명희,조수진,한기호"
4018,김병욱,"곽상도,김예지,김태호,배준영,서일준,신원식,윤주경,이종성,조명희,조태용,허은아"
4019,박대출,"권영세,김상훈,김성원,김영식,김정재,박성민,엄태영,이명수,정동만"
4020,전재수,"김병주,김정호,맹성규,박재호,송기헌,신현영,윤준병,이광재,장철민"
4021,한준호,"기동민,김원이,노웅래,송재호,오영환,이용빈,이원욱,홍성국,홍정민"
4022,전재수,"김병주,김정호,도종환,맹성규,박재호,송기헌,유정주,윤준병,이광재,장철민"
4023,한준호,"기동민,김원이,김홍걸,노웅래,송재호,안민석,오영환,이용빈,조응천,홍성국,홍정민"
4024,한준호,"기동민,김원이,노웅래,송재호,양이원영,오영환,이용빈,임오경,홍성국"
4025,한준호,"김원이,김홍걸,노웅래,송재호,양이원영,오영환,이용빈,임오경,홍성국"
4026,한준호,"기동민,김원이,김홍걸,노웅래,변재일,송재호,안민석,오영환,이용빈,이원욱,임오경,홍성국"
4027,한준호,"기동민,김원이,김홍걸,노웅래,변재일,송재호,안민석,양이원영,오영환,이용빈,이원욱,임오경,홍성국,홍정민"
4028,한준호,"기동민,김원이,노웅래,변재일,송재호,안민석,양이원영,오영환,이용빈,임오경,홍성국"
4029,정운천,"구자근,권명호,권성동,김도읍,백종헌,서일준,이양수,이종성,이철규"
4030,오영훈,"김민철,김병주,김승원,박성준,안규백,양이원영,양정숙,오영환,이수진,최종윤,홍성국"
4031,김성주,"강준현,고민정,고용진,김민기,김민석,김원이,박홍근,신영대,윤준병,이용빈,전용기,최종윤,최혜영,허종식,홍성국"
4032,박완수,"강기윤,강대식,김성원,백종헌,양금희,이달곤,조경태,최형두,하영제"
4033,김미애,"강대식,권명호,김기현,김도읍,김병욱,김상훈,김석기,김선교,김승수,김예지,김정재,김태호,김태흠,박대출,박덕흠,박성민,박진,백종헌,서정숙,성일종,안병길,윤두현,윤재옥,윤주경,윤한홍,윤희숙,이만희,이명수,이양수,이종성,이철규,정경희,정점식,정진석,조명희,조수진,조태용,지성호,최승재,추경호,한무경,홍석준,황보승희"
4034,김승남,"고영인,김상희,김원이,김회재,민병덕,송갑석,양정숙,이개호,인재근"
4035,김정재,"김병욱,김석기,김성원,박대수,박대출,박성민,송언석,이용,정운천,정진석,태영호,한무경"
4036,태영호,"권명호,권성동,권영세,김정재,송석준,송언석,이영,정희용,한무경,허은아"
4037,김회재,"강병원,김경만,김수흥,김철민,박영순,배진교,이개호,이해식,하영제,허영"
4038,정진석,"강대식,구자근,권명호,김도읍,김미애,김병욱,김상훈,김석기,김선교,김성원,김승수,김영식,김웅,김정재,김형동,박성민,박진,백종헌,서범수,서병수,서일준,서정숙,성일종,송석준,신원식,안병길,양금희,엄태영,유경준,유상범,윤두현,윤재옥,윤주경,이달곤,이만희,이명수,이양수,이용,이종배,이종성,이헌승,전주혜,정경희,정점식,정찬민,정희용,조명희,조수진,지성호,최승재,추경호,태영호,하영제,한기호,한무경,허은아,홍문표,홍석준,황보승희"
4039,박홍근,"기동민,김원이,박성준,양기대,양향자,정춘숙,최혜영,허종식,홍익표"
4040,이병훈,"김영호,김정호,김철민,남인순,박성준,서영교,어기구,오영환,임오경,전재수,조승래"
4041,이병훈,"김영호,김정호,남인순,노웅래,박성준,어기구,오영환,전재수,조승래"
4042,조태용,"김기현,김병욱,김상훈,김석기,김선교,김승수,김용판,김태호,박대출,박성민,박진,서병수,서정숙,성일종,신원식,엄태영,윤재옥,윤주경,이명수,이양수,이채익,이철규,전주혜,정진석,조명희,조수진,지성호,황보승희"
4043,조태용,"김석기,김태호,박진,서정숙,성일종,송언석,신원식,유상범,윤두현,윤주경,이채익,정경희,정진석,정찬민,조명희,조수진,지성호,태영호"
4044,이양수,"권영세,김선교,김성원,김은혜,김태호,송석준,정운천,조수진,조해진"
4045,서삼석,"김승남,김승원,김철민,맹성규,민형배,박정,송갑석,양기대,오영환,위성곤,이병훈,이상헌,이성만,전용기,조오섭"
4046,김용민,"김남국,김승원,김종민,민형배,유정주,장경태,정필모,최혜영,한준호"
4047,강선우,"강준현,김영호,김의겸,남인순,맹성규,박성준,백혜련,변재일,소병훈,송옥주,송재호,이규민,이학영,허종식"
4048,강선우,"강득구,강준현,김영호,김의겸,김회재,남인순,맹성규,박성준,박찬대,백혜련,변재일,소병훈,송재호,안규백,양정숙,이학영,정청래,최혜영"
4049,강선우,"강준현,김영호,김의겸,남인순,맹성규,박성준,백혜련,변재일,소병훈,송옥주,송재호,이규민,이학영,허종식"
4050,박수영,"강대식,김영식,김은혜,김희곤,송석준,유경준,이채익,하영제,황보승희"
4051,송재호,"김승남,김영호,류호정,문정복,민홍철,서영교,오영환,이형석,조오섭,한준호"
4052,정일영,"김종민,맹성규,송재호,신정훈,윤준병,이광재,이용우,정정순,홍성국"
4053,태영호,"강대식,권영세,김병욱,김영식,서병수,송언석,신원식,이채익,정진석"
4054,김태호,"강기윤,권영세,김병욱,김은혜,서일준,엄태영,윤창현,조명희,조수진,홍문표"
4055,권명호,"강기윤,구자근,김도읍,송언석,엄태영,유상범,이만희,최춘식,최형두"
4056,권명호,"강기윤,구자근,김도읍,송언석,엄태영,유상범,이만희,최춘식,최형두"
4057,권명호,"강기윤,구자근,김도읍,송언석,엄태영,유상범,이만희,최춘식,최형두"
4058,권명호,"강기윤,구자근,김도읍,송언석,엄태영,유상범,이만희,최춘식,최형두"
4059,권명호,"강기윤,구자근,김도읍,송언석,엄태영,유상범,이만희,최춘식,최형두"
4060,권명호,"강기윤,구자근,김도읍,송언석,엄태영,유상범,이만희,최춘식,최형두"
4061,권명호,"강기윤,구자근,김도읍,송언석,엄태영,유상범,이만희,최춘식,최형두"
4062,권명호,"강기윤,구자근,김도읍,송언석,엄태영,유상범,이만희,최춘식,최형두"
4063,권명호,"강기윤,구자근,김도읍,송언석,엄태영,유상범,이만희,최춘식,최형두"
4064,김정호,"강선우,김병욱,서동용,신영대,어기구,윤후덕,이병훈,전용기,전재수,정성호,정춘숙,허영,허종식,홍영표"
4065,권명호,"강기윤,구자근,김도읍,송언석,엄태영,유상범,이만희,최춘식,최형두"
4066,김정호,"강선우,김병욱,박상혁,서동용,소병철,어기구,윤후덕,이병훈,전용기,전재수,정성호,정춘숙,허영,허종식,홍영표"
4067,권명호,"강기윤,구자근,김도읍,송언석,엄태영,유상범,이만희,최춘식,최형두"
4068,권명호,"강기윤,구자근,김도읍,송언석,엄태영,유상범,이만희,최춘식,최형두"
4069,권명호,"강기윤,구자근,김도읍,송언석,엄태영,유상범,이만희,최춘식,최형두"
4070,권인숙,"고영인,김철민,서동용,심상정,양경숙,유정주,윤영덕,이수진,한병도"
4071,김민기,"강득구,서영교,양경숙,용혜인,유정주,이규민,이수진,이원택,정필모"
4072,송석준,"김선교,김성원,문정복,박덕흠,배준영,소병훈,임종성,정찬민,태영호"
4073,권명호,"강기윤,구자근,김도읍,송언석,엄태영,유상범,이만희,최춘식,최형두"
4074,권명호,"강기윤,구자근,김도읍,송언석,엄태영,유상범,이만희,최춘식,최형두"
4075,권명호,"강기윤,구자근,김도읍,송언석,엄태영,유상범,이만희,최춘식,최형두"
4076,김회재,"강병원,김수흥,김승남,박영순,이개호,이해식,진선미,허영,홍기원"
4077,권명호,"강기윤,구자근,김도읍,송언석,엄태영,유상범,이만희,최춘식,최형두"
4078,권명호,"강기윤,구자근,김도읍,송언석,엄태영,유상범,이만희,최춘식,최형두"
4079,권명호,"강기윤,구자근,김도읍,송언석,엄태영,유상범,이만희,최춘식,최형두"
4080,권명호,"강기윤,구자근,김도읍,송언석,엄태영,유상범,이만희,최춘식,최형두"
4081,권명호,"강기윤,구자근,김도읍,송언석,엄태영,유상범,이만희,최춘식,최형두"
4082,권명호,"강기윤,구자근,김도읍,송언석,엄태영,유상범,이만희,최춘식,최형두"
4083,권명호,"강기윤,구자근,김도읍,송언석,엄태영,유상범,이만희,최춘식,최형두"
4084,권명호,"강기윤,구자근,김도읍,송언석,엄태영,유상범,이만희,최춘식,최형두"
4085,권명호,"강기윤,구자근,김도읍,송언석,엄태영,유상범,이만희,최춘식,최형두"
4086,권명호,"강기윤,구자근,김도읍,송언석,엄태영,유상범,이만희,최춘식,최형두"
4087,권명호,"강기윤,구자근,김도읍,송언석,엄태영,유상범,이만희,최춘식,최형두"
4088,권명호,"강기윤,구자근,김도읍,송언석,엄태영,유상범,이만희,최춘식,최형두"
4089,권명호,"강기윤,구자근,김도읍,송언석,엄태영,유상범,이만희,최춘식,최형두"
4090,권명호,"강기윤,구자근,김도읍,송언석,엄태영,유상범,이만희,최춘식,최형두"
4091,권명호,"강기윤,구자근,김도읍,송언석,엄태영,유상범,이만희,최춘식,최형두"
4092,권명호,"강기윤,구자근,김도읍,송언석,엄태영,유상범,이만희,최춘식,최형두"
4093,권명호,"강기윤,구자근,김도읍,송언석,엄태영,유상범,이만희,최춘식,최형두"
4094,권명호,"강기윤,구자근,김도읍,송언석,엄태영,유상범,이만희,최춘식,최형두"
4095,이종배,"김선교,김성원,김예지,박대수,박덕흠,박완수,성일종,추경호,태영호"
4096,권명호,"강기윤,구자근,김도읍,송언석,엄태영,유상범,이만희,최춘식,최형두"
4097,최인호,"김병욱,박광온,박상혁,송옥주,위성곤,이원택,이학영,전재수,전혜숙,조승래"
4098,이병훈,"김영호,김정호,김철민,남인순,노웅래,박성준,서영교,어기구,오영환,이형석,임오경,전재수"
4099,김상희,"강득구,남인순,맹성규,양정숙,윤영찬,이원욱,이탄희,이해식,인재근,조승래"
4100,박영순,"강준현,김교흥,김승원,김영호,김의겸,민형배,박성준,윤건영,이상민,임호선,장철민,조승래,황운하"
4101,김예지,"구자근,김병욱,김선교,김용판,이명수,이종성,지성호,최형두,추경호"
4102,권성동,"김희국,류성걸,서일준,윤창현,윤한홍,정운천,정진석,태영호,홍문표"
4103,이규민,"강득구,김정호,노웅래,도종환,민형배,이성만,이수진,임오경,전재수,황운하"
4104,윤재갑,"권은희,김정호,양정숙,어기구,위성곤,이개호,이동주,주철현,허종식"
4105,윤재갑,"권은희,김정호,양정숙,어기구,위성곤,이개호,이동주,주철현,허종식"
4106,권성동,"김희국,류성걸,서일준,윤창현,윤한홍,정운천,정진석,태영호,홍문표"
4107,이규민,"강득구,김정호,노웅래,도종환,민형배,이성만,이수진,임오경,전재수,황운하"
4108,정청래,"강득구,박성준,송갑석,양이원영,오영환,유정주,윤재갑,전용기,최혜영"
4109,이규민,"강득구,김정호,노웅래,도종환,민형배,이성만,이수진,임오경,전재수,황운하"
4110,이성만,"강훈식,권인숙,김교흥,김영배,박성준,송옥주,신동근,신정훈,양경숙,유동수,윤준병,이규민,이수진,이학영,허종식,황운하"
4111,이규민,"김정호,노웅래,도종환,민형배,윤준병,이성만,이수진,임오경,전재수,황운하"
4112,이형석,"김승남,문진석,송갑석,양기대,윤영덕,이용빈,이정문,조오섭,한병도"
4113,윤준병,"강득구,강병원,김병기,김수흥,문진석,양정숙,오영환,이수진,이용빈,임종성,정일영"
4114,이형석,"김윤덕,남인순,문진석,박성준,백혜련,송갑석,안호영,유정주,윤관석,이규민,이병훈,이해식,조오섭"
4115,이형석,"김승남,문진석,송갑석,양기대,윤영덕,이용빈,이정문,조오섭,한병도"
4116,박덕흠,"권명호,김용판,박대수,배준영,백종헌,서범수,송언석,이종배,한무경,홍문표"
4117,양정숙,"강민정,안호영,윤재갑,윤준병,이성만,이용빈,이장섭,인재근,조오섭"
4118,서일준,"김병욱,김태흠,김형동,양금희,정점식,조해진,지성호,하영제,한무경"
4119,박덕흠,"권명호,김성원,박대수,백종헌,서범수,송언석,이주환,한무경,홍문표"
4120,우원식,"김경만,김원이,남인순,민병덕,박상혁,박영순,박홍근,송옥주,오영환,윤후덕,이수진,이학영,정필모,조오섭,주철현,진성준,허영,홍성국"
4121,김석기,"구자근,김병욱,김선교,김형동,박성민,이종성,이태규,임이자,지성호"
4122,김석기,"구자근,김병욱,김상훈,김형동,박성민,이태규,임이자,지성호,태영호"
4123,전재수,"김정호,맹성규,박재호,송옥주,양이원영,유정주,윤준병,이규민,이병훈"
4124,우원식,"김경만,김승원,김원이,남인순,문정복,민병덕,민형배,박상혁,박성준,박영순,박홍근,서영석,송옥주,신영대,신정훈,양이원영,오영환,위성곤,윤건영,윤미향,윤영덕,이수진,이수진,이학영,이해식,정일영,정필모,조오섭,주철현,진성준,최종윤,허영"
4125,김용판,"강대식,권명호,김성원,박대수,박덕흠,송언석,유경준,윤재옥,이종성,추경호"
4126,김은혜,"강기윤,구자근,김용판,김태호,박성민,박진,성일종,송석준,정운천,조경태,지성호"
4127,강기윤,"구자근,권명호,김태호,김희국,박성중,박완수,윤영석,이종성,최형두"
4128,강기윤,"구자근,권명호,김선교,김태호,김희국,박완수,윤영석,이종성,최형두"
4129,강기윤,"구자근,권명호,김태호,김희곤,김희국,박성중,윤영석,이종성,최형두"
4130,강기윤,"구자근,권명호,김희곤,김희국,박성중,박완수,윤영석,이종성,최형두"
4131,강기윤,"구자근,권명호,김선교,김희국,박성중,박완수,윤영석,이종성,최형두"
4132,민형배,"김경만,김병욱,김승남,김철민,우원식,이수진,이정문,임종성,홍익표,홍정민"
4133,김철민,"고영인,권인숙,김민철,민형배,박상혁,서동용,안민석,유기홍,유동수,이병훈,이원욱,이정문"
4134,정동만,"권성동,박대수,박대출,박덕흠,유경준,이만희,이명수,이용,이주환,전봉민"
4135,김철민,"권인숙,민형배,박상혁,서동용,안민석,오영환,유기홍,이병훈,이정문"
4136,조경태,"강대식,곽상도,박성중,박완수,윤두현,이종배,이채익,정동만,조수진"
4137,김예지,"구자근,김상훈,김선교,김용판,이명수,이종성,지성호,최형두,추경호"
4138,김철민,"권인숙,김민철,김수흥,김윤덕,도종환,민형배,박정,신동근,윤후덕,이원욱,이정문,이해식"
4139,허영,"강선우,강은미,강준현,강훈식,김남국,김민석,김수흥,김승남,김영주,김원이,김윤덕,김주영,김회재,도종환,류호정,문진석,민병덕,민형배,민홍철,박상혁,박영순,박정,배진교,백혜련,서동용,서영교,설훈,소병철,소병훈,송기헌,송옥주,송재호,신영대,신정훈,심상정,안호영,양정숙,오영환,용혜인,우원식,위성곤,유정주,윤미향,윤영덕,윤후덕,이개호,이규민,이동주,이용빈,이원택,이은주,이정문,이학영,이해식,인재근,임호선,장경태,장혜영,정성호,조오섭,조정훈,주철현,진선미,최종윤,황운하"
4140,이종성,"김예지,김용판,박대수,박덕흠,백종헌,이영,이종배,정운천,정찬민"
4141,안호영,"김성주,김수흥,김윤덕,신영대,양정숙,윤준병,이상직,이원택,한병도"
4142,하영제,"김선교,김용판,김형동,박덕흠,박완수,서병수,서일준,이주환,임이자,한무경"
4143,홍정민,"고영인,김민석,김병욱,민형배,박성준,오영환,이상헌,이용우,황운하"
4144,송기헌,"김승원,맹성규,박성준,백혜련,오영환,이성만,이원택,조응천,최기상"
4145,이장섭,"강훈식,김민석,김민철,송갑석,양정숙,윤영찬,이학영,인재근,임호선,전재수,최혜영,홍정민"
4146,윤영찬,"김승원,김홍걸,노웅래,변재일,양기대,양정숙,정필모,최혜영,홍성국"
4147,윤준병,"강득구,강병원,김병기,김수흥,문진석,양정숙,오영환,이수진,이용빈,임종성,정일영"
4148,송언석,"곽상도,권명호,김병욱,김용판,김정재,박덕흠,이태규,정진석,정희용,태영호"
4149,정일영,"김교흥,김주영,노웅래,민형배,소병철,양경숙,우원식,윤준병,윤후덕,이수진,이용우,이해식,허종식,홍성국,홍정민"
4150,송재호,"김민기,김민철,김영배,윤건영,이상헌,이용빈,정성호,한준호,홍성국"
4151,서삼석,"김승남,김승원,김영진,김철민,민형배,박정,양기대,오영환,위성곤,이병훈,이상헌,이성만,전용기,주철현"
4152,백혜련,"김남국,김원이,남인순,서동용,송옥주,안민석,오영환,이성만,정성호"
4153,조정훈,"구자근,권인숙,김의겸,김회재,박정,배진교,송재호,양금희,양정숙,유상범,윤영석,이개호,이수진,임호선,조오섭,허종식"
4154,조응천,"강준현,박성준,박홍근,신정훈,오영환,이용우,조승래,한준호,홍기원"
4155,전재수,"고영인,김정호,민홍철,신영대,양경숙,유정주,이병훈,이장섭,전용기"
4156,전재수,"고영인,김정호,민홍철,신영대,양경숙,유정주,이병훈,이장섭,전용기"
4157,어기구,"김민철,김정호,김진표,윤건영,이수진,이수진,이용우,주철현,허종식"
4158,어기구,"김민철,김정호,김진표,박상혁,이병훈,이수진,이수진,주철현,허종식"
4159,윤준병,"강득구,강병원,김병기,김수흥,문진석,양정숙,오영환,이수진,이용빈,임종성,정일영"
4160,윤준병,"강득구,강병원,김병기,김수흥,문진석,양정숙,오영환,이수진,이용빈,임종성,정일영"
4161,윤준병,"강득구,강병원,김병기,김수흥,문진석,양정숙,오영환,이수진,이용빈,임종성,정일영"
4162,윤준병,"강득구,강병원,김병기,김수흥,문진석,양정숙,오영환,이수진,이용빈,임종성,정일영"
4163,윤준병,"강득구,강병원,김병기,김수흥,문진석,양정숙,오영환,이수진,이용빈,임종성,정일영"
4164,윤준병,"강득구,강병원,김병기,김수흥,문진석,양정숙,오영환,이수진,이용빈,임종성,정일영"
4165,윤준병,"강득구,강병원,김병기,김수흥,문진석,양정숙,오영환,이수진,이용빈,임종성,정일영"
4166,윤준병,"강득구,강병원,김병기,김수흥,문진석,양정숙,오영환,이수진,이용빈,임종성,정일영"
4167,윤준병,"강득구,강병원,김병기,김수흥,문진석,양정숙,오영환,이수진,이용빈,임종성,정일영"
4168,윤준병,"강득구,강병원,김병기,김수흥,문진석,양정숙,오영환,이수진,이용빈,임종성,정일영"
4169,윤준병,"강득구,강병원,김병기,김수흥,문진석,양정숙,오영환,이수진,이용빈,임종성,정일영"
4170,윤준병,"강득구,강병원,김병기,김수흥,문진석,양정숙,오영환,이수진,이용빈,임종성,정일영"
4171,윤준병,"강득구,강병원,김병기,김수흥,문진석,양정숙,오영환,이수진,이용빈,임종성,정일영"
4172,윤준병,"강득구,강병원,김병기,김수흥,문진석,양정숙,오영환,이수진,이용빈,임종성,정일영"
4173,윤준병,"강득구,강병원,김병기,김수흥,문진석,양정숙,오영환,이수진,이용빈,임종성,정일영"
4174,윤준병,"강득구,강병원,김병기,김수흥,문진석,양정숙,오영환,이수진,이용빈,임종성,정일영"
4175,윤준병,"강득구,강병원,김병기,김수흥,문진석,양정숙,오영환,이수진,이용빈,임종성,정일영"
4176,윤준병,"강득구,강병원,김병기,김수흥,문진석,양정숙,오영환,이수진,이용빈,임종성,정일영"
4177,윤준병,"강득구,강병원,김병기,김수흥,문진석,양정숙,오영환,이수진,이용빈,임종성,정일영"
4178,윤준병,"강득구,강병원,김병기,김수흥,문진석,양정숙,오영환,이수진,이용빈,임종성,정일영"
4179,윤준병,"강득구,강병원,김병기,김수흥,문진석,양정숙,오영환,이수진,이용빈,임종성,정일영"
4180,이종성,"김예지,김용판,박대수,박덕흠,박성중,박형수,윤한홍,이영,정운천,정점식"
4181,윤준병,"강득구,강병원,김병기,김수흥,문진석,양정숙,오영환,이수진,이용빈,임종성,정일영"
4182,윤준병,"강득구,강병원,김병기,김수흥,문진석,양정숙,오영환,이수진,이용빈,임종성,정일영"
4183,김상훈,"곽상도,김승수,김예지,김정재,김형동,박대출,박완수,이명수,정진석,조명희,한기호"
4184,김석기,"김병욱,김선교,김정재,서일준,송언석,정진석,추경호,한무경,홍석준"
4185,이수진,"강민정,권인숙,김원이,남인순,류호정,배진교,서영석,송재호,조오섭,최연숙"
4186,한병도,"김수흥,김원이,김윤덕,신영대,신정훈,오영환,오영훈,위성곤,윤재갑,윤준병,이용빈,이형석,임호선"
4187,한병도,"강준현,김민철,김승원,맹성규,민병덕,박홍근,서영교,양기대,양정숙,오영환,윤건영,윤영찬,윤준병,이광재,이명수,이수진,이수진,이용호,임호선,장경태,최종윤,허영"
4188,류성걸,"구자근,권명호,김병욱,김예지,김희곤,박대수,서병수,이명수,정희용"
4189,이병훈,"고영인,김병욱,김철민,노웅래,민형배,박정,서영교,송갑석,양향자,어기구,오영환,유정주,임오경,전재수,한준호"
4190,김수흥,"고용진,김진표,김철민,김회재,양경숙,양정숙,윤준병,윤후덕,이원욱"
4191,서삼석,"강병원,강선우,김민철,김승원,김영배,김영주,김영진,김원이,김정호,김종민,김철민,도종환,서동용,서영교,신동근,신영대,오영환,윤재갑,윤준병,이개호,이상헌,이수진,이용선,조응천,주철현,최종윤,홍정민"
4192,설훈,"강병원,김영배,송영길,양경숙,양이원영,윤재갑,이규민,전혜숙,정정순"
4193,소병철,"김정호,김종민,박성준,양정숙,오영환,용혜인,이장섭,이학영,임호선,장철민,정찬민"
4194,고용진,"김경만,변재일,양정숙,양향자,오영환,윤관석,윤후덕,임오경,조정식,한준호"
4195,임이자,"구자근,김성원,김영식,김형동,박대수,유경준,이영,이종성,한무경"
4196,박영순,"강준현,김교흥,김승원,김영호,김의겸,맹성규,민형배,박성준,윤건영,윤준병,이상민,이용호,장철민,조승래,황운하"
4197,양향자,"고용진,권성동,김성환,김영식,문진석,박성준,박홍근,서일준,송갑석,송옥주,양정숙,오영환,윤영덕,윤한홍,이병훈,이영,이정문,장제원,조오섭,한무경,홍성국,황운하"
4198,안민석,"김병욱,노웅래,도종환,류호정,문진석,박상혁,서영석,송갑석,우원식,한준호,홍정민"
4199,이만희,"권명호,김석기,김선교,김태흠,박덕흠,박형수,윤한홍,이명수,이양수,이용"
4200,정청래,"강득구,강민정,고영인,서동용,송갑석,양이원영,오영환,윤재갑,이규민,임오경,임호선"
4201,안민석,"김병욱,노웅래,도종환,류호정,문진석,박상혁,서영석,송갑석,양이원영,우원식,한준호,홍정민"
4202,정찬민,"김선교,김희곤,박대수,서병수,송석준,엄태영,윤창현,이종성,이주환,지성호"
4203,이수진,"강민정,김승남,김영배,김주영,류호정,민형배,안호영,양이원영,어기구,위성곤,윤미향,이규민,이수진,장혜영"
4204,민형배,"김철민,소병훈,이규민,이수진,이수진,이정문,임종성,주철현,홍익표,홍정민"
4205,임이자,"김도읍,김선교,김영식,김형동,유경준,이양수,이종성,이채익,이헌승"
4206,김성원,"김승수,김용판,김정재,박대수,박대출,박덕흠,서일준,윤상현,이양수,이종배,최춘식,최형두"
4207,김성원,"김승수,김용판,김정재,김형동,박대수,박대출,박덕흠,서일준,윤상현,이양수,이종배,최춘식,최형두"
4208,김영배,"김두관,김민석,김성환,민형배,박성민,양정숙,오영환,이동주,이병훈"
4209,소병철,"김병기,김영배,맹성규,민병덕,송기헌,양향자,오영환,위성곤,임호선,장철민"
4210,김민철,"고용진,김경만,김철민,김홍걸,민형배,민홍철,서영교,어기구,오영환,유정주,윤준병,이동주,이장섭,임오경,최종윤,한준호"
4211,전용기,"김병욱,김영배,김정호,박성준,박정,양향자,유정주,윤재갑,이동주,이원욱,이형석,임오경,정성호,한병도,홍성국"
4212,양경숙,"강득구,김수흥,김정호,남인순,안민석,전재수,정청래,조오섭,최종윤"
4213,박주민,"권인숙,기동민,김민기,김병기,김영배,김진표,설훈,송기헌,양이원영,오영환,유정주,이수진,장경태,정춘숙,최기상,홍영표"
4214,조응천,"김철민,박성준,박홍근,신정훈,오영환,이용우,조승래,한준호,홍기원"
4215,김성원,"김승수,김용판,김정재,박대수,박대출,박덕흠,서일준,윤상현,이양수,이종배,최춘식,최형두"
4216,김성원,"김승수,김용판,김정재,박대수,박대출,박덕흠,서일준,윤상현,이양수,이종배,최춘식,최형두"
4217,김성원,"김승수,김용판,김정재,박대수,박대출,박덕흠,서일준,윤상현,이양수,이종배,최춘식,최형두"
4218,조응천,"강준현,김철민,박성준,박홍근,신정훈,오영환,이용우,조승래,한준호,홍기원"
4219,조응천,"강준현,김철민,문진석,민형배,박상혁,오영환,이수진,조승래,한병도,한준호"
4220,구자근,"권명호,김석기,김예지,박덕흠,서병수,양금희,이채익,전주혜,조수진,태영호,홍준표"
4221,구자근,"곽상도,권명호,김도읍,김선교,김예지,박성민,서병수,윤창현,조수진,태영호"
4222,이병훈,"김병욱,김철민,민형배,서영교,송갑석,양향자,어기구,오영환,유정주,임오경,전재수,한준호"
4223,강득구,"강준현,김민석,민병덕,박정,안호영,양정숙,어기구,윤준병,이성만,이용빈,이원욱,홍성국"
4224,추경호,"강기윤,김석기,김예지,김용판,박성중,이종배,이채익,임이자,태영호,허은아"
4225,임종성,"강선우,김상희,김의겸,소병훈,송갑석,송옥주,양이원영,윤준병,홍성국,홍익표"
4226,강득구,"강준현,김민석,민병덕,안호영,어기구,윤준병,이성만,이용빈,최종윤,홍성국"
4227,엄태영,"김상훈,김희곤,박성민,서병수,임이자,정운천,정찬민,조태용,홍문표"
4228,안민석,"김승남,김영호,류호정,박성준,서영교,양경숙,윤관석,이상민,정성호,조오섭"
4229,정점식,"박형수,서일준,성일종,송재호,이만희,추경호,하영제,한무경,허종식"
4230,문진석,"김윤덕,서영석,송갑석,윤재갑,이동주,이용빈,이정문,이형석,조오섭,주철현,홍익표"
4231,이수진,"김교흥,김영배,송옥주,송재호,양이원영,오영환,이병훈,이해식,임종성,주철현"
4232,임오경,"김민철,박상혁,박정,오영환,유정주,이규민,이병훈,이상헌,이수진"
4233,이병훈,"김철민,노웅래,민형배,서영교,송갑석,오영환,유정주,임오경,전재수,한준호"
4234,이수진,"강병원,강선우,박성준,송갑석,신정훈,오영환,이규민,이형석,임오경,최강욱,최종윤"
4235,이수진,"김교흥,김영배,송옥주,송재호,양이원영,오영환,이병훈,이해식,임종성,주철현"
4236,이정문,"김병기,김윤덕,김철민,문진석,민형배,박상혁,서영석,안민석,이용빈,황운하"
4237,이정문,"기동민,김윤덕,김철민,문진석,민형배,서영석,신동근,안민석,이용빈,황운하"
4238,이정문,"기동민,김병기,김윤덕,김철민,문진석,민형배,박상혁,변재일,서영석,신동근,안민석,이용빈,황운하"
4239,박대출,"곽상도,권영세,김상훈,김성원,박성민,박성중,서병수,엄태영,이명수,정동만"
4240,고영인,"김승남,남인순,박성준,백혜련,유정주,윤준병,이용빈,전용기,전재수,정성호,조오섭,최혜영,허종식,홍정민"
4241,고영인,"김승남,남인순,박성준,백혜련,유정주,윤준병,이용빈,전용기,전재수,정성호,조오섭,최혜영,허종식,홍정민"
4242,고영인,"김승남,남인순,박성준,백혜련,유정주,윤준병,이용빈,전용기,전재수,정성호,조오섭,최혜영,허종식,홍정민"
4243,김상희,"강민정,강준현,김남국,김승남,류호정,맹성규,박성준,백혜련,서영교,양정숙,오영환,윤건영,윤관석,이성만,최혜영"
4244,김정재,"김상훈,김선교,김성원,김승수,송언석,윤창현,이헌승,최연숙,한기호"
4245,박완수,"강기윤,김성원,김태호,박형수,이종배,조경태,최형두,태영호,하영제,한무경"
4246,권인숙,"기동민,민홍철,박주민,유정주,윤미향,윤준병,이수진,이수진,장경태,정춘숙"
4247,김원이,"기동민,김승남,박상혁,서영석,우원식,위성곤,이동주,조오섭,최혜영,한준호"
4248,김원이,"기동민,김승남,서영석,우원식,위성곤,윤준병,이동주,조오섭,진성준,최혜영,한준호"
4249,김원이,"기동민,김승남,박상혁,서영석,우원식,위성곤,이동주,조오섭,진성준,최혜영,한준호,허종식"
4250,김원이,"기동민,김승남,박상혁,서영석,우원식,위성곤,이동주,조오섭,최혜영,한준호"
4251,이영,"김병욱,김영식,김예지,김용판,김정재,김형동,양금희,유경준,윤창현"
4252,권명호,"강민국,김용판,김정재,안병길,엄태영,이종성,정희용,최형두,태영호"
4253,허영,"김영배,김정호,박홍근,송기헌,송재호,신영대,양이원영,오영환,위성곤,유정주,윤준병,윤후덕,이용빈,이용우,임호선,조오섭,최종윤,홍기원,황운하"
4254,권명호,"강민국,김용판,김정재,안병길,엄태영,이종성,정희용,최형두,태영호"
4255,김승수,"곽상도,김병욱,김상훈,김영식,김정재,김형동,서일준,이영,이채익,주호영,지성호"
4256,변재일,"강선우,고용진,설훈,이수진,이용빈,이정문,임호선,정정순,한준호"
4257,송옥주,"강민정,노웅래,맹성규,민병덕,박성준,소병훈,안호영,유정주,윤미향,윤준병,이수진,이원욱,이해식,임종성,정성호"
4258,양정숙,"강민정,김의겸,서영교,안호영,오영훈,위성곤,윤재갑,윤준병,이성만,이용빈"
4259,이용우,"고영인,김영배,노웅래,박성준,오영환,윤준병,이수진,조응천,홍정민,황운하"
4260,이원택,"강득구,기동민,김경만,김승원,김종민,김회재,백혜련,소병훈,양경숙,윤준병,이성만"
4261,김영배,"김교흥,김남국,김민철,문정복,소병철,송재호,안호영,오영환,윤준병,이병훈,이성만,이수진,이용우,이해식,임호선,장경태"
4262,오영환,"김교흥,김남국,김영배,김홍걸,문정복,민형배,박정,박주민,박홍근,백혜련,서영교,송재호,안호영,양이원영,양향자,유정주,윤준병,이병훈,이수진,이탄희,이해식,임오경,임호선,장경태,장철민,홍기원"
4263,김교흥,"김남국,김민철,김영배,문정복,문진석,민형배,박영순,박홍근,서동용,서영교,송갑석,송옥주,송재호,신동근,안호영,오영환,우원식,유동수,유정주,윤관석,윤영덕,윤준병,이성만,이수진,이용빈,이탄희,이학영,이해식,장경태,장철민,정일영,정정순,진성준,허종식,홍기원"
4264,이용우,"고영인,노웅래,민병덕,민형배,신영대,오영환,윤준병,전재수,홍정민"
4265,홍정민,"김민석,김병욱,민형배,박성준,오영환,유정주,이규민,이용우,장경태"
4266,임이자,"김병욱,김성원,김영식,박대수,백종헌,안호영,유경준,이종성,이헌승,홍석준"
4267,민홍철,"강민정,기동민,김민철,김병기,김정호,서영교,송옥주,윤후덕,이병훈,이상헌"
4268,홍석준,"강대식,김성원,김승수,김예지,김용판,김태호,송석준,정희용,추경호,황보승희"
4269,이상민,"권인숙,김용민,김홍걸,남인순,박성준,박용진,박주민,송갑석,양경숙,양이원영,유정주,윤미향,윤영덕,이동주,이수진,이수진,이용빈,이재정,이탄희,진선미,최강욱,최혜영,홍익표"
4270,이헌승,"김도읍,김미애,김병욱,김석기,김정재,박성민,서병수,이주환,임이자,전봉민,정동만,조해진"
4271,구자근,"강기윤,곽상도,권명호,김석기,김영식,김용판,김형동,서병수,윤두현,지성호"
4272,구자근,"곽상도,권명호,김영식,김예지,김형동,신원식,양금희,지성호,하태경"
4273,권인숙,"강득구,고영인,김의겸,김철민,남인순,박찬대,서동용,이성만,이수진,장혜영"
4274,김의겸,"강민정,권인숙,김승원,김종민,박상혁,박영순,서동용,양정숙,이동주,이수진,최강욱"
4275,김의겸,"강민정,권인숙,김승원,김종민,박영순,서동용,양정숙,이동주,이수진,최강욱"
4276,이종배,"김병욱,김선교,김성원,김예지,박대수,성일종,추경호,태영호,황보승희"
4277,박상혁,"김원이,김윤덕,김정호,김철민,민형배,이동주,이용빈,임오경,진성준,최인호"
4278,권인숙,"강득구,고영인,김의겸,김철민,남인순,박찬대,서동용,이성만,이수진,장혜영"
4279,허종식,"강선우,김교흥,김민석,김성주,김정호,박찬대,어기구,이성만,정춘숙,최종윤,최혜영"
4280,홍성국,"강선우,강준현,김성주,민병덕,양기대,윤영찬,이개호,이낙연,정일영,한준호,홍익표"
4281,양정숙,"강민정,권은희,김홍걸,서영교,소병훈,안호영,윤재갑,윤준병,이용빈"
4282,민형배,"김경만,김철민,박상혁,변재일,소병훈,신동근,이규민,이수진,이수진,이정문,임종성,임호선,주철현,홍익표"
4283,민형배,"김경만,김병욱,김철민,이규민,이수진,이수진,이용우,이정문,임종성,주철현,홍익표"
4284,진성준,"강병원,김두관,김원이,김정호,도종환,박상혁,소병훈,위성곤,전혜숙,홍성국"
4285,김예지,"구자근,권명호,김석기,김선교,김희국,양금희,윤창현,이영,이종배,추경호"
4286,소병철,"강병원,김병기,김승남,김영주,맹성규,박성준,오영환,이학영,임호선,장철민,정일영"
4287,양정숙,"강민정,권은희,김홍걸,서영교,소병훈,안호영,윤재갑,윤준병,이용빈"
4288,김의겸,"강민정,권인숙,김승원,김종민,박영순,서동용,이동주,이수진,장경태,최강욱"
4289,이명수,"김병욱,김상훈,류성걸,서병수,성일종,이만희,이영,최연숙,최춘식,황보승희"
4290,고영인,"권인숙,김홍걸,박광온,서영교,오영훈,이용우,전용기,조승래,최종윤,홍기원"
4291,고영인,"권인숙,백혜련,오영훈,윤관석,이수진,이용빈,이용우,인재근,조오섭,허종식"
4292,윤후덕,"고용진,김경협,김수흥,김영진,김주영,김태호,이광재,이규민,정일영,진선미"
4293,정일영,"김승원,김진표,민형배,박찬대,신정훈,양향자,윤관석,윤준병,이광재,이용우,정정순,허영,허종식,홍성국,홍정민"
4294,허종식,"강선우,김교흥,김민석,김성주,김정호,박찬대,어기구,이성만,정춘숙,최종윤,최혜영"
4295,임오경,"박상혁,박성준,박정,서영교,양기대,오영환,유정주,이병훈,이수진,한준호"
4296,이채익,"김정재,김태호,서병수,성일종,이달곤,임이자,전주혜,정찬민,최춘식"
4297,임오경,"박상혁,박성준,박정,서영교,양기대,오영환,유정주,이병훈,이수진,한준호"
4298,신정훈,"김경만,김두관,김영호,김원이,김정호,박성준,서영교,소병훈,신영대,윤재갑,이해식,전용기"
4299,박영순,"강준현,강훈식,김승원,김의겸,김회재,노웅래,맹성규,민형배,윤건영,윤준병,이상민,임호선,장철민,조승래,조오섭,황운하"
4300,양정숙,"김수흥,김윤덕,김홍걸,소병훈,신영대,안호영,윤준병,이규민,이상헌,이용빈"
4301,이종성,"강기윤,김영식,김예지,김용판,서일준,안병길,이종배,정운천,정찬민"
4302,양정숙,"강민정,권은희,김홍걸,서영교,소병훈,안호영,윤재갑,윤준병,이용빈"
4303,황운하,"강득구,강민정,김승원,민형배,박영순,신정훈,양정숙,오영환,이병훈,조승래,최혜영"
4304,이수진,"강병원,강선우,김경만,김상희,김승원,김영배,김영주,민형배,박상혁,안호영,오기형,오영환,위성곤,윤준병,이광재,이규민,이동주,이수진,이용빈,이용우,이해식,임호선,장경태,정일영,조오섭,홍성국,홍정민,황운하"
4305,고용진,"김교흥,김수흥,박정,서영교,양정숙,양향자,오영환,유정주,윤관석,윤후덕,임오경,한준호"
4306,홍성국,"강선우,민병덕,양기대,윤영찬,이낙연,이원욱,전용기,정일영,홍익표"
4307,서영교,"김민철,김영호,민병덕,서삼석,오영환,이용우,이해식,임호선,한병도"
4308,권성동,"권명호,김선교,안병길,엄태영,전봉민,정운천,정진석,태영호,한무경"
4309,임이자,"권성동,박덕흠,서범수,엄태영,이종성,정점식,추경호,하영제,한무경"
4310,기동민,"강훈식,김병기,김원이,노웅래,신영대,오영환,정정순,조오섭,한준호"
4311,박완주,"김성주,김수흥,김영진,남인순,서영교,송갑석,이동주,이정문,임호선,최종윤"
4312,박대수,"김선교,김용판,류성걸,박성민,이영,이종성,임이자,지성호,허은아"
4313,김상훈,"곽상도,김석기,김예지,김형동,박대출,서병수,양금희,최연숙,태영호"
4314,최종윤,"김민석,김성주,김승원,남인순,양경숙,이원욱,조오섭,최혜영,허종식"
4315,정희용,"김병욱,김영식,류성걸,박성민,이채익,최춘식,태영호,한무경,허은아,홍정민"
4316,최종윤,"김민석,김성주,김승남,남인순,양경숙,양이원영,이원욱,조오섭,최혜영,허종식"
4317,최종윤,"김민석,김성주,김승남,남인순,양경숙,이원욱,조오섭,최혜영,허종식"
4318,류호정,"강민정,강은미,김의겸,배진교,심상정,유경준,유상범,이은주,장경태,장혜영"
4319,윤준병,"민형배,양정숙,오영환,이규민,임오경,장경태,정일영,최종윤,황운하"
4320,김병욱,"강대식,김석기,김영식,김태호,류성걸,박덕흠,유의동,이채익,임이자,정찬민,정희용,태영호,황보승희"
4321,김병욱,"강대식,김석기,김영식,김태호,류성걸,박덕흠,유의동,이채익,임이자,정찬민,정희용,태영호,황보승희"
4322,전혜숙,"강병원,김종민,박광온,서영교,안규백,양기대,오영환,오영훈,이용빈,이원욱,최인호"
4323,김교흥,"김수흥,박영순,박찬대,신동근,양정숙,이성만,이용선,정정순,허종식"
4324,정청래,"강득구,강민정,김남국,송갑석,양이원영,오영환,유정주,이규민,이수진"
4325,박성중,"김석기,김영식,김용판,김형동,유경준,윤창현,이영,조명희,추경호,홍준표"
4326,최기상,"기동민,김의겸,민병덕,오기형,유정주,이형석,임호선,장혜영,한정애,홍영표,홍익표"
4327,강선우,"강병원,강준현,맹성규,박성준,박찬대,이수진,이수진,이용빈,이은주,이해식,조오섭,허종식,홍성국"
4328,백혜련,"김남국,김수흥,맹성규,박홍근,송기헌,이형석,임호선,허영,홍정민"
4329,류호정,"강은미,김성환,배진교,심상정,유정주,이규민,이은주,장혜영,전용기,최승재,홍준표"
4330,정필모,"강선우,김경만,김성주,김승원,김원이,김정호,김주영,노웅래,송옥주,윤건영,윤준병,이수진,임호선,정일영,주철현,황운하"
4331,정필모,"강선우,김경만,김성주,김승원,김원이,김정호,김주영,노웅래,송옥주,윤건영,이수진,임호선,정일영,주철현,황운하"
4332,정필모,"강선우,김경만,김성주,김승원,김원이,김정호,김주영,노웅래,송옥주,윤건영,이수진,임호선,정일영,주철현,황운하"
4333,정필모,"강선우,김경만,김성주,김승원,김원이,김의겸,김정호,김주영,노웅래,송옥주,윤건영,윤준병,이규민,이수진,정일영,주철현,최종윤,황운하"
4334,소병훈,"김수흥,김윤덕,민형배,신동근,신정훈,양정숙,유정주,윤관석,이규민,이해식,이형석,인재근,정정순"
4335,백혜련,"강훈식,김민기,김병기,민형배,오영환,유정주,이동주,이원욱,정춘숙,홍영표"
4336,유경준,"권명호,김용판,김웅,김은혜,박성중,박형수,송석준,이태규,정동만,황보승희"
4337,이종성,"강기윤,김영식,김용판,박대수,서일준,이종배,임이자,정운천,정찬민"
4338,최혜영,"강득구,강준현,박성준,오영환,이규민,이상헌,이수진,이원택,조오섭"
4339,남인순,"권인숙,김승남,김영호,신동근,오영환,이형석,조오섭,진선미,허종식,홍성국"
4340,김용판,"강대식,구자근,권명호,김영식,김예지,박대수,서일준,유경준,윤창현,이종성,추경호,하영제"
4341,백혜련,"김병기,김영진,박홍근,오영환,윤준병,이재정,정성호,허영,홍정민"
4342,김병욱,"강득구,민형배,박성준,송재호,안규백,이용빈,이정문,정성호,홍정민"
4343,이상헌,"김정호,박정,송재호,신정훈,양정숙,유동수,유정주,이용빈,임오경,전용기,홍정민"
4344,이개호,"김병기,김승남,김회재,서삼석,송갑석,위성곤,윤재갑,이원택,홍성국"
4345,김정재,"김상훈,김선교,김성원,박대출,송언석,윤창현,이만희,정진석,태영호,한무경"
4346,김정재,"김상훈,김선교,김성원,송언석,윤창현,이만희,이태규,태영호,한무경"
4347,권인숙,"김의겸,김철민,박성준,박찬대,서동용,유기홍,윤영덕,이규민,장혜영,정청래"
4348,김기현,"강기윤,강대식,강민국,강은미,곽상도,구자근,권명호,권성동,권영세,권은희,김도읍,김미애,김병욱,김상훈,김석기,김선교,김성원,김승수,김영식,김예지,김용판,김웅,김은혜,김정재,김태호,김태흠,김형동,김희곤,김희국,류성걸,류호정,박대수,박대출,박성민,박성중,박수영,박완수,박진,박형수,배준영,배진교,배현진,백종헌,서범수,서병수,서일준,서정숙,성일종,송석준,신원식,심상정,안병길,양금희,엄태영,용혜인,유경준,유상범,유의동,윤두현,윤영석,윤재옥,윤주경,윤창현,윤한홍,윤희숙,이달곤,이만희,이명수,이양수,이영,이용,이은주,이종배,이종성,이주환,이채익,이철규,이태규,이헌승,임이자,장제원,장혜영,전주혜,정경희,정동만,정운천,정점식,정진석,정찬민,정희용,조경태,조명희,조수진,조태용,조해진,주호영,지성호,최승재,최연숙,최춘식,최형두,추경호,태영호,하영제,하태경,한기호,한무경,허은아,홍문표,홍석준,황보승희"
4349,권인숙,"김의겸,김철민,박성준,박찬대,서동용,유기홍,윤영덕,이규민,장혜영,정청래"
4350,박성준,"남인순,류호정,백혜련,양이원영,오영환,이규민,정성호,정청래,최종윤"
4351,심상정,"강은미,권인숙,김병욱,류호정,배진교,양정숙,이수진,이용빈,이은주,장혜영"
4352,박형수,"구자근,김석기,김승수,김형동,김희국,류성걸,유상범,윤주경,정점식"
4353,윤영석,"강기윤,구자근,권명호,박대수,박덕흠,백종헌,서범수,이채익,최형두"
4354,윤준병,"김남국,김영배,박홍근,소병훈,양정숙,오영환,윤영덕,임오경,장경태,진성준"
4355,소병훈,"강준현,김두관,김승남,김영호,김회재,남인순,문정복,박성준,서영교,신정훈,오영환,이형석,조오섭"
4356,윤준병,"김남국,김영배,박홍근,소병훈,양정숙,윤영덕,임오경,장경태,진성준"
4357,권은희,"강은미,류호정,박덕흠,배진교,양정숙,윤재갑,이은주,이태규,최연숙"
4358,권은희,"강은미,류호정,박덕흠,배진교,양정숙,윤재갑,이은주,이태규,최연숙"
4359,전주혜,"곽상도,김미애,김석기,김승수,김정재,김형동,서일준,서정숙,윤창현,정경희,한기호"
4360,이정문,"김병기,김윤덕,김철민,문진석,박상혁,안민석,이용빈,임호선,정필모,황운하"
4361,김영배,"강민정,김민철,서영교,설훈,송재호,오영환,윤준병,이병훈,한병도"
4362,윤영덕,"강민정,권인숙,기동민,김승남,김승원,김영주,김원이,김철민,민형배,박찬대,송갑석,윤준병,이규민,이동주,임호선,주철현,허영,황운하"
4363,강민정,"강득구,강은미,김의겸,남인순,류호정,용혜인,이수진,이은주,정성호"
4364,강민정,"강득구,강은미,김의겸,남인순,류호정,용혜인,이수진,이은주,정성호"
4365,정정순,"김승남,김원이,김진표,민형배,박영순,소병훈,이수진,이장섭,정일영,황운하"
4366,정정순,"김승남,김원이,김진표,민형배,박영순,소병훈,송재호,이수진,이장섭,정일영,홍성국,황운하"
4367,박광온,"고영인,김영배,김진표,민병덕,송갑석,이장섭,임호선,전용기,전혜숙"
4368,박광온,"고영인,김영배,김진표,민병덕,송갑석,이장섭,임호선,전용기,전혜숙"
4369,이병훈,"김병주,김승남,김정호,김철민,남인순,노웅래,문정복,임호선,정성호"
4370,박광온,"고영인,김영배,김진표,민병덕,송갑석,이장섭,임호선,전용기,전혜숙"
4371,김민철,"김성주,김진표,김철민,민형배,변재일,서영교,양정숙,어기구,오영환,임오경"
4372,박광온,"송갑석,양기대,이개호,이낙연,이병훈,이장섭,임호선,전용기,전혜숙,정태호,홍기원,홍성국"
4373,박광온,"송갑석,양기대,이개호,이낙연,이병훈,이장섭,이탄희,임호선,전용기,전혜숙,정태호,홍기원,홍성국"
4374,임호선,"김민철,김영배,김주영,변재일,신동근,오영환,유기홍,윤준병,이규민,이병훈,이정문,이해식,허영"
4375,서영교,"강병원,김민철,김홍걸,신정훈,양기대,오영환,이병훈,이해식,이형석,장경태"
4376,김승남,"민병덕,박성준,신정훈,양정숙,오영환,윤재갑,이수진,임종성,정정순,최종윤"
4377,김승남,"민병덕,박성준,신정훈,양정숙,오영환,윤재갑,이수진,임종성,정정순,최종윤"
4378,이규민,"김남국,김성주,김의겸,김정호,노웅래,민형배,오영환,윤건영,윤준병,정일영"
4379,이수진,"강민정,김성환,김수흥,노웅래,류호정,배진교,송옥주,송재호,안호영,양이원영,윤미향,윤준병,이규민,임종성"
4380,서영교,"김민철,김영호,서삼석,신정훈,오영환,이용우,임오경,임호선,전혜숙,한병도"
4381,안호영,"김수흥,송옥주,양이원영,윤미향,윤준병,이용호,장철민,주철현,한병도"
4382,박정,"도종환,양기대,어기구,오영환,유정주,윤후덕,이병훈,이수진,이형석"
4383,안호영,"강득구,송옥주,윤미향,윤준병,이수진,이용호,이원욱,임종성,장철민,조정훈,홍익표"
4384,서영교,"민병덕,박정,서삼석,송재호,오영환,이용우,임오경,임호선,한병도"
4385,송기헌,"김병욱,김승원,김영호,박성준,백혜련,소병철,안규백,윤건영,이상헌,이성만,최기상"
4386,이용빈,"강은미,고용진,김남국,김홍걸,김회재,민병덕,민형배,양이원영,양향자,오영환,유정주,윤영덕,윤준병,이성만,조오섭,주철현,천준호,한준호,허영"
4387,김정호,"강선우,기동민,민홍철,신동근,어기구,윤후덕,이병훈,임종성,전재수,정성호,허종식"
4388,민형배,"김민철,김병욱,김철민,문진석,변재일,소병훈,안규백,양기대,장경태,홍정민,황운하"
4389,윤희숙,"권영세,김웅,김희곤,류성걸,박대수,서병수,성일종,유경준,윤창현,정경희,추경호"
4390,김정호,"강선우,기동민,박상혁,어기구,윤후덕,이병훈,임종성,전재수,정성호,허종식"
4391,윤희숙,"권영세,김웅,류성걸,박수영,성일종,유경준,윤창현,정경희,최형두,추경호"
4392,이종배,"김선교,김성원,김승수,박덕흠,박상혁,성일종,송석준,이종성,태영호"
4393,이종배,"김선교,김성원,김승수,박덕흠,박상혁,성일종,송석준,이종성,태영호"
4394,홍익표,"김상희,김진표,문진석,민형배,안호영,이규민,이용선,임호선,진선미,한준호,홍성국"
4395,민형배,"김병욱,김철민,문진석,백혜련,변재일,소병훈,안규백,양기대,장경태,황운하"
4396,박완수,"권영세,김용판,박형수,서범수,이명수,이영,이용,조경태,최형두"
4397,민형배,"김남국,박상혁,박정,송갑석,양향자,윤재갑,이규민,장경태,홍정민"
4398,민형배,"김병욱,김철민,문진석,변재일,안규백,임종성,장경태,정필모,황운하"
4399,민형배,"김병욱,김철민,문진석,변재일,신정훈,안규백,이규민,장경태,정필모,황운하"
4400,김미애,"권영세,김석기,김용판,박성중,정진석,정찬민,조명희,추경호,허은아"
4401,전주혜,"강대식,김기현,김예지,성일종,이채익,정운천,조명희,태영호,허은아"
4402,김성주,"고민정,고용진,김민기,김민석,김원이,신영대,이용빈,전용기,최종윤,최혜영,허종식,홍성국"
4403,전주혜,"강대식,김기현,김예지,성일종,이채익,정운천,조명희,태영호,허은아"
4404,한기호,"김도읍,김상훈,김석기,김예지,김정재,성일종,신원식,유상범,정진석,하태경"
4405,이정문,"기동민,김병기,김철민,도종환,문진석,민형배,변재일,신동근,안민석,이용빈"
4406,이정문,"기동민,김철민,도종환,문진석,민형배,박상혁,변재일,신동근,안민석,이용빈,임호선"
4407,정경희,"곽상도,김병욱,김영식,서일준,송석준,신원식,이영,정찬민,조경태"
4408,정경희,"김태호,박대수,박덕흠,배준영,성일종,안병길,윤창현,이용,이종성"
4409,이정문,"기동민,김병기,김철민,도종환,문진석,민형배,박상혁,변재일,신동근,안민석,임호선"
4410,송언석,"권명호,김석기,김용판,김정재,서병수,성일종,윤창현,임이자,정진석,태영호"
4411,한무경,"구자근,권명호,김정재,양금희,윤한홍,이종배,이주환,이채익,이철규"
4412,오영환,"고용진,김병기,김성주,김승남,남인순,문정복,박정,서영교,송갑석,송옥주,송재호,유정주,윤준병,이규민,이원욱,임오경,임호선,장경태,한준호"
4413,송언석,"김석기,김용판,김정재,박덕흠,박성민,성일종,윤창현,정진석,허은아"
4414,송언석,"권명호,김석기,김용판,김정재,박성민,서일준,성일종,윤창현,임이자,정진석"
4415,박주민,"강민정,김남국,김두관,김승남,김영배,김영호,김홍걸,류호정,맹성규,박성준,박찬대,서영교,송재호,오영환,장경태,조오섭"
4416,이병훈,"김승원,김영호,김정호,김철민,남인순,박성준,이상헌,전재수,조오섭,최종윤"
4417,이원욱,"김민석,김수흥,김영주,김철민,백혜련,안호영,오영환,전용기,조승래,최종윤"
4418,최혜영,"김영호,남인순,박주민,양정숙,오영환,이규민,이성만,이용빈,이은주,이탄희,허종식"
4419,서영교,"민병덕,박정,서삼석,송재호,오영환,이용우,임오경,임호선,한병도"
4420,신원식,"강기윤,권명호,김상훈,김석기,김승수,김예지,김태흠,김희국,박덕흠,박진,안병길,유경준,윤두현,윤영석,윤재옥,윤한홍,이만희,이영,이종성,정운천,정찬민,조태용,지성호,홍석준,황보승희"
4421,정점식,"김용판,김태호,서일준,성일종,윤한홍,이만희,이용,정찬민,추경호"
4422,김수흥,"고용진,김주영,김진표,소병훈,안규백,양경숙,양정숙,윤준병,이수진,이용호,이원욱"
4423,최혜영,"김영호,남인순,박주민,양정숙,오영환,윤재갑,이규민,이성만,이용빈,이은주,이탄희,허종식"
4424,고민정,"김승원,김정호,송재호,오영환,윤준병,이규민,이용우,조오섭,홍정민"
4425,고민정,"김승원,김정호,송재호,오영환,윤준병,이규민,이용우,이형석,조오섭,홍정민"
4426,고민정,"김승원,김정호,송재호,오영환,윤준병,이규민,이용우,이형석,조오섭,홍정민"
4427,장경태,"김민철,노웅래,류호정,민병덕,민형배,송재호,오영환,유정주,윤준병,이규민"
4428,장경태,"김민철,김승원,노웅래,류호정,민병덕,민형배,송재호,오영환,유정주,윤준병,이규민"
4429,송석준,"김석기,박덕흠,배준영,윤창현,이영,이용,이종배,정경희,태영호"
4430,이영,"김승수,김영식,박성중,서병수,서일준,송석준,이명수,임이자,태영호,한무경"
4431,맹성규,"김상희,김영배,김영주,김영호,김원이,김진표,노웅래,문진석,박성준,백혜련,서동용,서영교,소병훈,송옥주,신정훈,어기구,오영환,우원식,위성곤,유동수,윤재갑,윤준병,이병훈,이성만,이용빈,이용선,인재근,임호선,장경태,장철민,정성호,정일영,정춘숙,정태호,최강욱,최인호,허영,허종식,홍기원"
4432,강득구,"강민정,권인숙,김영배,문진석,민형배,어기구,윤영덕,윤준병,이규민,이성만,이용빈,허영"
4433,김홍걸,"김경만,김수흥,박영순,박홍근,안규백,안민석,양기대,양정숙,이상헌,이학영,전용기"
4434,임호선,"김승원,김한정,박영순,송재호,오영환,이규민,이수진,정일영,홍기원,홍성국,홍정민"
4435,장경태,"김민철,김승원,김의겸,노웅래,류호정,민병덕,민형배,송재호,오영환,유정주,윤준병,이규민"
4436,서영교,"민병덕,박정,서삼석,송재호,오영환,이용우,임오경,임호선,한병도"
4437,이명수,"김병욱,김태흠,서병수,성일종,이만희,이영,이주환,정동만,최연숙,최춘식"
4438,이명수,"김병욱,김태흠,서병수,성일종,이만희,이영,이주환,정동만,최연숙,최춘식"
4439,장경태,"김민철,김승원,노웅래,류호정,민병덕,민형배,송재호,오영환,유정주,이규민"
4440,서영교,"김민철,김영호,박상혁,신정훈,양정숙,오영환,오영훈,유정주,이은주,임오경,한병도"
4441,홍정민,"김병욱,김상희,김승수,김승원,백혜련,소병훈,오영환,이상민,정일영,허종식"
4442,장경태,"김민철,김승원,노웅래,민병덕,민형배,송재호,오영환,유정주,윤준병,이규민"
4443,장경태,"김민철,김승원,노웅래,민병덕,민형배,송재호,오영환,유정주,윤준병,이규민"
4444,변재일,"강선우,설훈,윤영찬,이용빈,이장섭,이정문,임호선,한준호,홍익표"
4445,김민철,"김성주,김철민,민형배,민홍철,박정,서영교,양기대,어기구,오영환,윤준병,이동주,이용선,임오경,최종윤,한준호"
4446,최종윤,"강선우,김민석,김성주,김승남,김진표,윤관석,인재근,조오섭,최혜영,허종식"
4447,강민정,"김의겸,류호정,민병덕,안규백,오영훈,용혜인,윤미향,이수진,이은주"
4448,강민정,"김의겸,류호정,민병덕,안규백,오영훈,용혜인,윤미향,이수진,이은주"
4449,이종성,"강기윤,김용판,김태호,박대수,박덕흠,성일종,윤한홍,이종배,정운천"
4450,윤한홍,"백종헌,서일준,양금희,유경준,유상범,윤창현,이종성,이태규,최형두,추경호,태영호"
4451,홍익표,"강준현,김진표,문진석,변재일,안호영,이용선,임호선,진선미,한준호,홍성국"
4452,서삼석,"김민철,김성환,김승원,김영배,김영진,김원이,김종민,김주영,김철민,민형배,박영순,박정,서영교,송재호,신정훈,윤재갑,윤준병,이규민,이용빈,이원택,이학영,이해식,임종성,임호선,장경태,조오섭,주철현,진성준,최종윤,허영,홍정민,황운하"
4453,김영주,"김경만,김교흥,김영호,김회재,박홍근,서삼석,서영교,소병훈,안민석,양향자,윤관석,윤미향,윤재갑,이규민,이수진,이용빈,이원욱,이학영,임오경,임종성,임호선,정태호,홍성국,홍정민"
4454,서삼석,"김민철,김성환,김승원,김영배,김영진,김원이,김종민,김주영,김철민,민형배,박영순,박정,서영교,송재호,신정훈,양정숙,윤재갑,윤준병,이규민,이원택,이학영,이해식,임종성,임호선,장경태,조오섭,주철현,진성준,최종윤,허영,홍정민,황운하"
4455,서일준,"김영식,김용판,김정재,김태호,박성민,양금희,이영,임이자,정희용,한무경"
4456,전봉민,"김도읍,김희곤,백종헌,서범수,서일준,안병길,양금희,정동만,황보승희"
4457,전봉민,"김도읍,김희곤,백종헌,서범수,서일준,안병길,양금희,정동만,황보승희"
4458,신영대,"김교흥,김병기,김성주,김정호,김주영,신정훈,이규민,이학영,전용기"
4459,전용기,"고영인,고용진,김성주,김영호,김윤덕,신동근,양향자,이원욱,이형석,최혜영,홍성국"
4460,태영호,"권영세,김병욱,김상훈,김선교,김태흠,박완수,송언석,유경준,허은아"
4461,전용기,"고영인,고용진,김성주,김윤덕,신동근,양향자,이원욱,이형석,허영,홍성국"
4462,전용기,"고영인,고용진,김성주,김영호,김윤덕,신동근,신정훈,양향자,유정주,이소영,이원욱,최혜영,홍성국"
4463,강민국,"김병욱,김석기,박대수,박성민,서일준,양금희,유의동,한무경,허은아"
4464,강민국,"김병욱,김석기,박대수,박성민,서일준,양금희,유의동,한무경,허은아"
4465,강민국,"김병욱,김석기,박대수,박성민,서일준,양금희,유의동,한무경,허은아"
4466,강민국,"김병욱,김석기,박대수,박성민,서일준,양금희,유의동,한무경,허은아"
4467,강민국,"김병욱,김석기,박대수,박성민,서일준,양금희,유의동,한무경,허은아"
4468,강민국,"김병욱,김석기,박대수,박성민,서일준,양금희,유의동,한무경,허은아"
4469,이용호,"김수흥,민병덕,박영순,양정숙,이상헌,이용빈,정성호,최혜영,허종식,황운하"
4470,강득구,"김민석,양이원영,양정숙,윤관석,윤영찬,이성만,이원택,이채익,최종윤,홍성국"
4471,김영호,"강득구,김민철,민홍철,박찬대,신영대,이병훈,이상민,이재정,장경태,최혜영"
4472,강준현,"강득구,김윤덕,문정복,박영순,윤관석,이규민,이성만,이원택,이재정,조오섭,홍성국"
4473,김성주,"김민기,민병덕,이용빈,인재근,임호선,정필모,최혜영,허종식,홍성국"
4474,전용기,"강준현,고영인,김병주,박광온,설훈,송갑석,이탄희,이형석,임호선,허영"
4475,홍정민,"김병욱,김상희,김승수,김승원,백혜련,오영환,이규민,정일영,허종식"
4476,전재수,"고영인,김정호,민홍철,신영대,양경숙,유정주,이규민,이장섭,전용기"
4477,전재수,"고영인,김정호,민홍철,신영대,양경숙,유정주,이병훈,이장섭,전용기"
4478,최혜영,"김상희,남인순,양이원영,오영환,이소영,이은주,정청래,정필모,조오섭,조정훈"
4479,김민철,"고용진,김경만,김홍걸,민형배,민홍철,박정,서영교,오영환,유정주,임오경,최종윤,한준호"
4480,최혜영,"김상희,남인순,양이원영,오영환,이소영,이은주,정청래,정필모,조오섭,조정훈"
4481,김석기,"박덕흠,박성민,박성중,서병수,신원식,임이자,정진석,지성호,최연숙,태영호"
4482,태영호,"권영세,김석기,김영식,김정재,김희곤,송석준,윤한홍,이종배,정희용,최형두,허은아"
4483,전용기,"강준현,고영인,김병주,도종환,박광온,송갑석,이탄희,이형석,임호선,허영"
4484,서일준,"김승수,김영식,김용판,김태호,김형동,박성민,백종헌,서병수,송언석,양금희,유경준,이종성,정진석,조수진,조태용,지성호,한무경,홍준표"
4485,최형두,"강기윤,권명호,김성원,김영식,박성민,엄태영,이종성,정운천,태영호"
4486,김예지,"김상훈,김석기,김선교,김용판,김의겸,류호정,오영환,이종배,지성호,최혜영"
4487,최형두,"강기윤,권명호,김성원,김영식,박성민,엄태영,이종성,정운천,태영호"
4488,최형두,"강기윤,권명호,김성원,김영식,박성민,엄태영,이종성,정운천,태영호"
4489,이학영,"고영인,박홍근,서동용,우원식,윤미향,이용빈,임호선,전용기,진선미"
4490,최형두,"강기윤,권명호,김성원,김영식,박성민,엄태영,이종성,정운천,태영호"
4491,유경준,"김승수,김용판,박형수,서병수,송석준,윤한홍,윤희숙,태영호,황보승희"
4492,최형두,"강기윤,권명호,김성원,김영식,박성민,엄태영,이종성,정운천,태영호"
4493,최형두,"강기윤,권명호,김성원,김영식,박성민,엄태영,이종성,정운천,태영호"
4494,최형두,"강기윤,권명호,김성원,김영식,박성민,엄태영,이종성,정운천,태영호"
4495,엄태영,"김병욱,김성원,김태호,김희곤,박대수,배준영,이만희,정찬민,최형두"
4496,최형두,"강기윤,권명호,김성원,김영식,박성민,엄태영,이종성,정운천,태영호"
4497,최형두,"강기윤,권명호,김성원,김영식,박성민,엄태영,이종성,정운천,태영호"
4498,최형두,"강기윤,권명호,김성원,김영식,박성민,엄태영,이종성,정운천,태영호"
4499,최형두,"강기윤,권명호,김성원,김영식,박성민,엄태영,이종성,정운천,태영호"
4500,최형두,"강기윤,권명호,김성원,김영식,박성민,엄태영,이종성,정운천,태영호"
4501,최형두,"강기윤,권명호,김성원,김영식,박성민,엄태영,이종성,정운천,태영호"
4502,최형두,"강기윤,권명호,김성원,김영식,박성민,엄태영,이종성,정운천,태영호"
4503,최형두,"강기윤,권명호,김성원,김영식,박성민,엄태영,이종성,정운천,태영호"
4504,최형두,"강기윤,권명호,김성원,김영식,박성민,엄태영,이종성,정운천,태영호"
4505,최형두,"강기윤,권명호,김성원,김영식,박성민,엄태영,이종성,정운천,태영호"
4506,최형두,"강기윤,권명호,김성원,김영식,박성민,엄태영,이종성,정운천,태영호"
4507,최형두,"강기윤,권명호,김성원,김영식,박성민,엄태영,이종성,정운천,태영호"
4508,최형두,"강기윤,권명호,김성원,김영식,박성민,엄태영,이종성,정운천,태영호"
4509,최형두,"강기윤,권명호,김성원,김영식,박성민,엄태영,이종성,정운천,태영호"
4510,최형두,"강기윤,권명호,김성원,김영식,박성민,엄태영,이종성,정운천,태영호"
4511,최형두,"강기윤,권명호,김성원,김영식,박성민,엄태영,이종성,정운천,태영호"
4512,최형두,"강기윤,권명호,김성원,김영식,박성민,엄태영,이종성,정운천,태영호"
4513,최형두,"강기윤,권명호,김성원,김영식,박성민,엄태영,이종성,정운천,태영호"
4514,최형두,"강기윤,권명호,김성원,김영식,박성민,엄태영,이종성,정운천,태영호"
4515,최형두,"강기윤,권명호,김성원,김영식,박성민,엄태영,이종성,정운천,태영호"
4516,최형두,"강기윤,권명호,김성원,김영식,박성민,엄태영,이종성,정운천,태영호"
4517,최형두,"강기윤,권명호,김성원,김영식,박성민,엄태영,이종성,정운천,태영호"
4518,최형두,"강기윤,권명호,김성원,김영식,박성민,엄태영,이종성,정운천,태영호"
4519,최형두,"강기윤,권명호,김성원,김영식,박성민,엄태영,이종성,정운천,태영호"
4520,허종식,"김교흥,김민석,김성주,김정호,배진교,신동근,어기구,유동수,윤관석,이성만,이용호,최종윤,최혜영"
4521,맹성규,"강득구,강병원,김승원,남인순,박영순,송재호,이소영,정성호,최혜영,허영,허종식"
4522,허종식,"강병원,김교흥,김민석,김성주,김정호,배진교,신동근,어기구,유동수,윤관석,이성만,최종윤,최혜영"
4523,강민정,"강득구,강은미,김의겸,류호정,심상정,유기홍,윤영덕,이성만,이수진,이수진,장경태,장철민,조정훈,최강욱"
4524,강민정,"강득구,강은미,김의겸,류호정,심상정,유기홍,윤영덕,이수진,이수진,장경태,장철민,조정훈,최강욱"
4525,김기현,"강대식,김상훈,김석기,김예지,김형동,박대수,박덕흠,박진,서일준,윤주경,이채익,전주혜,정진석,지성호,추경호"
4526,강민정,"강득구,강은미,김의겸,류호정,심상정,유기홍,윤영덕,이수진,이수진,장경태,장철민,조정훈,최강욱"
4527,김상희,"남인순,류호정,문정복,백혜련,서영교,안규백,양이원영,양정숙,윤관석,이규민,이은주,정필모,최혜영"
4528,김상희,"남인순,류호정,문정복,백혜련,서영교,안규백,양이원영,윤관석,이규민,이은주,정필모,최혜영"
4529,김상희,"남인순,류호정,문정복,백혜련,서영교,안규백,양이원영,윤관석,이규민,이은주,정필모,최혜영"
4530,김상희,"남인순,류호정,문정복,백혜련,서영교,안규백,양이원영,윤관석,이규민,이은주,정필모,최혜영"
4531,최연숙,"권영세,권은희,김병욱,김석기,성일종,송석준,이명수,이태규,하태경"
4532,정희용,"김영식,김희곤,백종헌,송언석,양정숙,이채익,최춘식,한무경,허은아"
4533,박진,"김기현,김석기,서정숙,신원식,이영,이채익,정진석,지성호,태영호"
4534,김기현,"강대식,김상훈,김석기,김예지,김형동,박대수,박덕흠,박진,서일준,윤주경,이채익,전주혜,정진석,지성호,추경호"
4535,김기현,"강대식,김상훈,김예지,김형동,박대수,박덕흠,박진,서일준,윤주경,이채익,전주혜,정진석,지성호,추경호"
4536,진선미,"김경협,김성환,김회재,박영순,송옥주,오영환,위성곤,이재정,조오섭,진성준,한준호,홍익표"
4537,김기현,"강대식,김상훈,김석기,김예지,김형동,박대수,박덕흠,박진,서일준,윤주경,이채익,전주혜,정진석,지성호,추경호"
4538,박성중,"강기윤,권성동,김영식,김용판,이용,이종성,조경태,지성호,황보승희"
4539,이태규,"김석기,김영식,김정재,백종헌,송언석,유경준,이종성,조정훈,최연숙,태영호"
4540,김원이,"기동민,김경협,김성주,신정훈,우원식,윤준병,이규민,인재근,조오섭,진성준,최혜영,한준호"
4541,김원이,"기동민,김경만,김성주,신정훈,우원식,유정주,이규민,이동주,인재근,조오섭,진성준,최혜영,한준호"
4542,이은주,"강선우,강은미,김의겸,김형동,남인순,류호정,배진교,서영교,심상정,이상헌,이수진,이채익,장혜영,정성호,최혜영"
4543,최기상,"기동민,김영호,김의겸,서영교,우원식,이원택,이학영,이형석,한정애"
4544,최기상,"기동민,김의겸,서영교,우원식,이수진,이원택,이형석,임호선,조응천,한정애"
4545,양향자,"강병원,민형배,윤영덕,이광재,이병훈,이용빈,조정식,주철현,최종윤"
4546,김원이,"기동민,김성주,우원식,이규민,이동주,인재근,조오섭,진성준,최혜영,한준호"
4547,윤주경,"박형수,서범수,서병수,윤창현,이영,이채익,전주혜,정진석,태영호"
4548,박대수,"강민정,김성원,김용판,김형동,서범수,양금희,이종성,정동만,정찬민"
4549,윤주경,"김예지,김형동,박형수,서범수,서병수,성일종,유상범,유의동,최연숙,한기호"
4550,김원이,"기동민,김경만,김경협,김성주,신정훈,우원식,유정주,이규민,이동주,인재근,조오섭,진성준,최혜영,한준호"
4551,김원이,"기동민,김경만,김성주,우원식,유정주,이규민,인재근,조오섭,진성준,최혜영,한준호"
4552,권인숙,"김홍걸,양이원영,유정주,윤미향,윤준병,이수진,이수진,장경태,장혜영"
4553,김원이,"기동민,김경협,김성주,우원식,유정주,이규민,이동주,인재근,조오섭,진성준,최혜영,한준호"
4554,박대수,"강민정,김성원,김용판,김형동,서범수,양금희,이종성,정동만,정찬민"
4555,김병욱,"강득구,김상희,김승원,김영진,김주영,김한정,서영석,소병훈,안민석,윤후덕,이규민,임종성,전용기,정성호,홍정민"
4556,윤주경,"김예지,김형동,박형수,서범수,서병수,성일종,유상범,유의동,최연숙,한기호"
4557,최연숙,"권영세,권은희,김병욱,김상훈,성일종,송석준,이명수,이태규,하태경"
4558,전주혜,"구자근,김도읍,서병수,서일준,양금희,윤두현,이채익,지성호,최춘식"
4559,김영식,"김정재,박성민,박성중,서일준,윤한홍,이원욱,임이자,정경희,최형두,태영호"
4560,이규민,"김두관,김홍걸,민형배,박성준,송재호,양정숙,윤미향,이수진,진성준"
4561,전주혜,"구자근,박완수,서병수,윤두현,윤주경,이달곤,이채익,정진석,지성호"
4562,김영식,"김정재,박성민,박성중,서일준,윤한홍,이원욱,임이자,정경희,최형두,태영호"
4563,김영식,"김정재,박성민,박성중,서일준,윤한홍,이원욱,임이자,정경희,최형두,태영호"
4564,김용판,"권명호,김성원,김영식,김예지,박대수,박덕흠,박성중,송언석,이종성,추경호"
4565,김용판,"구자근,권명호,김성원,김영식,김예지,박대수,박덕흠,서일준,송언석,이종성,추경호"
4566,김정재,"구자근,권명호,김병욱,김석기,박성민,서일준,송언석,양금희,이종배,이주환,이태규,태영호,한무경"
4567,송기헌,"김승원,김영호,박성준,백혜련,소병철,안규백,윤건영,이상헌,이성만"
4568,김병주,"김수흥,김진표,노웅래,안규백,양기대,오영환,이광재,이병훈,이형석,전용기,전혜숙"
4569,권인숙,"강득구,김철민,류호정,민형배,서동용,유기홍,윤미향,윤영덕,이은주,장혜영,정청래"
4570,김병주,"김수흥,김진표,노웅래,양기대,오영환,이광재,이규민,이병훈,이형석,전용기,전혜숙"
4571,송재호,"강득구,김성주,김승원,문정복,박성준,양이원영,이성만,이원택,최종윤"
4572,김태호,"강기윤,김병욱,김형동,서일준,엄태영,윤두현,이채익,정경희,정점식,홍문표,홍석준"
4573,김회재,"김경만,김수흥,김승원,노웅래,문진석,이개호,이용빈,이용선,조응천"
4574,김병욱,"강득구,김상희,김승원,김영진,김주영,서영석,소병훈,안민석,윤후덕,이규민,임종성,전용기,정성호,홍정민"
4575,김교흥,"김수흥,박영순,박찬대,신동근,양정숙,이성만,이용선,정정순,허종식"
4576,안병길,"권명호,권성동,김선교,김형동,류성걸,안민석,유의동,윤재옥,이종성,이철규,정운천"
4577,송갑석,"강병원,강훈식,김경만,김병욱,김홍걸,류호정,박영순,박찬대,박홍근,서삼석,서영교,신동근,신영대,신정훈,안호영,양기대,양향자,어기구,오영환,윤영덕,윤준병,이규민,이성만,이용빈,이장섭,임종성,전용기,정태호,조정식,허영,허종식,홍성국,황운하"
4578,양경숙,"강병원,김두관,김수흥,김주영,김홍걸,노웅래,이동주,이용우,조오섭"
4579,이수진,"강민정,김영배,김주영,류호정,송옥주,송재호,심상정,윤재갑,이용선"
4580,김상훈,"김영식,김형동,김희국,박진,양금희,이주환,정진석,조경태,추경호"
4581,변재일,"강선우,고용진,서영석,설훈,양경숙,윤영찬,이원욱,이탄희,한준호"
4582,지성호,"권영세,김예지,박대수,윤창현,전주혜,정진석,정찬민,정희용,조수진,황보승희"
4583,백혜련,"김병기,김승남,김영진,남인순,민형배,박성준,박홍근,이성만,임호선,정성호"
4584,백혜련,"김병기,김홍걸,민형배,박성준,박홍근,오영환,이원택,이형석,임호선,정성호"
4585,이종배,"김선교,김예지,김형동,박덕흠,서병수,성일종,이종성,최승재,한무경"
4586,진선미,"김회재,박영순,송옥주,오영환,위성곤,이수진,이학영,조오섭,진성준,한준호,홍익표"
4587,이종배,"김선교,김예지,김형동,박덕흠,서병수,성일종,이종성,최승재,한무경"
4588,김성주,"강선우,김민기,김윤덕,서영석,송갑석,송재호,오영환,이형석,정필모,한병도"
4589,이용우,"김경협,김남국,김두관,김성환,김원이,박정,박홍근,백혜련,양이원영,우원식,임종성,진성준,홍정민"
4590,이용우,"고영인,권인숙,김경협,김남국,김두관,김성환,김승원,김원이,김한정,민형배,박상혁,박정,박홍근,백혜련,서삼석,송갑석,양이원영,오기형,오영환,우원식,유정주,윤미향,윤영덕,윤준병,이장섭,임종성,장경태,정춘숙,진성준,최기상,최종윤,최혜영,홍정민,황운하"
4591,윤한홍,"백종헌,서병수,송언석,양금희,유경준,윤재옥,윤창현,이종성,정점식,정진석,지성호,태영호,한무경"
4592,임오경,"문정복,서영교,양이원영,오영환,이규민,정청래,조오섭,조정훈,최혜영"
4593,이용,"김성원,김승수,김태흠,박성중,전주혜,정진석,조수진,지성호,최형두,하태경"
4594,이용,"김성원,김승수,김용판,김태흠,박성중,서병수,전주혜,정진석,조수진,지성호,최형두,하태경"
4595,이용,"김성원,김승수,김용판,김태흠,박성중,전주혜,정진석,조수진,지성호,최형두,하태경"
4596,윤미향,"고민정,김경만,민형배,송옥주,유정주,윤재갑,윤준병,이규민,이수진,이탄희,임종성,전용기"
4597,이형석,"김경협,김민기,김병주,김성주,문진석,민홍철,송옥주,양정숙,조오섭,한준호"
4598,태영호,"권영세,김병욱,김석기,김영식,김정재,성일종,송석준,유경준,윤주경,윤한홍,이명수,이용,이종배,이주환,이채익,최형두,추경호,한무경,황보승희"
4599,이형석,"김경협,김민기,김병주,김성주,문진석,민홍철,송옥주,양정숙,조오섭,한준호"
4600,윤미향,"고민정,김경만,민형배,송옥주,유정주,윤재갑,윤준병,이규민,이수진,이용선,이탄희,임종성,전용기"
4601,박성준,"강득구,강준현,김경만,김상희,김수흥,김진표,김한정,김회재,백혜련,서영교,송재호,이규민,이성만,임오경,최종윤,한준호"
4602,이종배,"김병욱,김선교,김성원,김예지,박대수,박덕흠,조수진,추경호,태영호"
4603,박영순,"강준현,김승원,김영배,김윤덕,김의겸,문정복,민형배,양이원영,양정숙,위성곤,윤재갑,이용호,조오섭,홍기원"
4604,최혜영,"강득구,강준현,김영호,김회재,백혜련,서영교,소병훈,안규백,오영환,이은주,이채익,조오섭,허종식"
4605,김예지,"구자근,김병욱,김성원,김승수,김희국,유의동,이명수,지성호,최형두"
4606,이종성,"김상훈,김예지,김용판,김형동,박대수,서일준,윤한홍,이종배,정경희,정운천"
4607,이원택,"송재호,양정숙,위성곤,윤재갑,이규민,이상헌,이학영,장경태,한병도"
4608,송언석,"권명호,김석기,김용판,김정재,박성민,서일준,성일종,윤창현,임이자,정진석"
4609,강준현,"김미애,박성민,박영순,서동용,서범수,송갑석,양정숙,이수진,장철민,정동만,조오섭,황운하"
4610,소병훈,"고영인,권인숙,김경만,김두관,김수흥,문정복,민병덕,민형배,양정숙,이동주,임종성"
4611,유정주,"강선우,강준현,김원이,김홍걸,신동근,신영대,안호영,이규민,이상헌,홍정민"
4612,김상희,"강준현,김민철,서영석,소병훈,윤관석,윤영찬,이은주,최연숙,최혜영"
4613,김상희,"강득구,남인순,문정복,박찬대,양정숙,이은주,홍성국,홍정민,황운하"
4614,서영교,"김민철,김영배,박상혁,박완주,박재호,백혜련,양기대,양정숙,오영환,이용우,이해식,이형석,임호선,정정순,한정애"
